0.521084, 0.119461, -0.304958, 0.124543, Clase1
1.041840, -1.611777, 0.017713, 0.337241, Clase1
1.006359, -0.130451, 0.352263, 1.305052, Clase1
2.251818, 0.902558, 0.249583, -0.970884, Clase1
0.751171, -0.545985, 0.249687, -1.261569, Clase1
2.396733, 0.644013, -1.300134, -0.449928, Clase1
1.240201, 0.060676, 1.355709, 0.007707, Clase1
2.069215, 0.236825, -0.884465, -0.998760, Clase1
0.980149, 1.229948, 0.674752, 0.308501, Clase1
1.279774, 1.019740, -0.624632, -1.588438, Clase1
1.028876, 0.059057, 0.122400, -0.425189, Clase1
1.441162, -0.559296, 0.276517, 0.388009, Clase1
1.232794, -0.758370, -0.430501, 0.471567, Clase1
1.836560, -0.637341, -0.983605, 0.393599, Clase1
0.189561, -0.835648, -0.863045, 0.085533, Clase1
0.897541, 1.517608, -0.009028, -0.055705, Clase1
0.800865, -0.139247, 0.889790, 1.247512, Clase1
1.432782, -0.317017, 1.111509, -0.736944, Clase1
0.607130, 0.672101, 1.068892, 0.116653, Clase1
2.346693, 1.096449, 0.088569, 0.133329, Clase1
0.839825, -0.600132, 0.624812, 0.262696, Clase1
0.606913, 0.044870, 1.115726, -1.006527, Clase1
-0.430269, 0.725025, -1.025803, -1.045871, Clase1
1.593864, 0.672705, 0.036142, 0.670787, Clase1
0.318317, 0.688745, -0.077252, -1.015193, Clase1
-0.388022, -2.217467, -0.205131, 0.805346, Clase1
1.041116, -0.014378, -0.661925, 0.228323, Clase1
0.992044, 0.177610, 0.802118, 1.479674, Clase1
1.787239, 0.134405, -0.947261, 0.336777, Clase1
0.968781, 1.227297, 0.439945, 0.633519, Clase1
1.372083, 0.924412, 0.986847, 0.015826, Clase1
0.307484, -0.121758, 0.579914, -0.690973, Clase1
0.347407, -1.073789, 0.663053, -0.706261, Clase1
0.408723, -0.134553, -0.217169, 0.051566, Clase1
1.128610, 0.012667, -1.120553, 1.610928, Clase1
0.831827, 0.176838, 0.279138, -1.414629, Clase1
1.536460, -0.060016, -1.139316, 1.218053, Clase1
1.742144, -1.421718, -1.266164, 0.192599, Clase1
0.667999, -0.530068, -0.104429, -0.546532, Clase1
1.328722, 0.329826, -0.203050, -0.188628, Clase1
0.756055, 0.097710, -0.137400, -0.194775, Clase1
0.494943, 0.322093, 0.266382, -0.568618, Clase1
0.157183, -1.465159, -0.569171, 0.318431, Clase1
1.392842, -0.377407, -0.715195, 0.132606, Clase1
0.675803, -0.055170, 0.945418, -0.736934, Clase1
-0.354760, 0.665199, 0.516627, -0.241605, Clase1
0.962828, 0.397692, -0.043013, 0.713869, Clase1
0.948550, -0.460281, -0.046704, -0.163424, Clase1
-0.426380, -1.206041, -0.006542, -1.828239, Clase1
1.017800, 0.730231, 0.355063, -1.464823, Clase1
1.487332, 0.420276, 1.257477, 0.086932, Clase1
1.686059, 0.452648, -0.282295, 0.199547, Clase1
0.968580, 0.320996, 0.271968, -0.370665, Clase1
1.114249, -0.107352, 0.357088, -0.386180, Clase1
0.149655, -0.803773, -0.049858, 1.205740, Clase1
1.616970, -1.067638, 0.440571, -0.569573, Clase1
0.392347, -0.251151, 0.440007, -1.217497, Clase1
1.824975, -0.903870, -1.045847, 0.602650, Clase1
0.453826, -0.388991, -0.154113, -1.858008, Clase1
0.233045, 1.068526, 0.649359, 0.727885, Clase1
1.369109, -1.029896, 0.164488, 1.586762, Clase1
1.096710, -0.482721, 0.091413, 0.426032, Clase1
1.402762, -1.175246, 0.538106, -0.300180, Clase1
-0.490569, -0.452073, -0.379329, 0.053065, Clase1
0.963202, -1.130093, -0.385814, 0.170632, Clase1
1.123894, -0.950288, -0.359793, -1.453293, Clase1
-0.407890, 1.250133, 0.270788, -0.262080, Clase1
0.059860, -0.813602, 0.909393, -2.503259, Clase1
0.661257, 1.027661, -0.536344, 0.662354, Clase1
1.810634, -1.252823, -0.248135, -0.753605, Clase1
0.983443, 0.384814, -0.410210, 0.089062, Clase1
1.385649, -1.198442, -0.013223, 1.826798, Clase1
1.089340, 1.216841, 0.336296, -0.536839, Clase1
0.147702, -1.489143, 0.527521, 0.147884, Clase1
0.832637, 0.501724, -0.985836, -0.681415, Clase1
0.753713, -1.158448, -0.404244, 0.247397, Clase1
0.955079, -0.908481, 0.879017, 1.564894, Clase1
0.263269, 0.549698, 0.127408, -1.075496, Clase1
1.605225, -0.951969, -1.349565, -0.354519, Clase1
0.522233, 0.539408, -0.351689, -0.117919, Clase1
0.757059, 0.158130, -1.295871, -1.587175, Clase1
1.680907, 0.256964, 0.190563, 1.312368, Clase1
1.429312, 1.358171, -1.763569, -0.183609, Clase1
1.500433, 0.723324, 0.432230, 1.243174, Clase1
0.318083, -0.945426, -0.264878, -0.890348, Clase1
1.376348, -0.454770, -0.858180, 0.382539, Clase1
2.477649, -0.763781, -0.203766, -0.413625, Clase1
0.591441, 0.652657, 0.228481, 0.965564, Clase1
0.552890, 1.215779, 0.126686, 0.825019, Clase1
1.296878, -0.752376, 1.006302, -1.472845, Clase1
-0.165884, -0.160383, 1.239004, -0.360689, Clase1
0.194012, 0.183011, -0.348994, -0.962867, Clase1
1.660157, -0.279826, 0.377090, 0.728992, Clase1
1.812892, -0.235419, -0.177046, -0.229208, Clase1
1.148585, -0.741279, -0.445769, -0.326585, Clase1
1.407140, 0.179891, -0.701462, -0.383936, Clase1
0.542180, 0.469287, 0.468467, -0.949391, Clase1
0.715644, 0.912431, 0.024739, -0.016357, Clase1
1.862791, 0.168027, -0.484501, -0.757638, Clase1
1.960940, 1.546714, -1.084884, 1.320120, Clase1
1.078597, 0.978254, -0.689230, 1.354554, Clase1
1.098943, 0.263373, 1.258520, -0.252462, Clase1
0.284115, 0.177109, 0.280760, 0.476082, Clase1
0.368749, -0.714164, -0.876921, 0.268276, Clase1
1.306903, 0.287348, 0.435140, -0.462646, Clase1
0.736548, -0.617752, -0.103469, 0.253572, Clase1
2.736352, -0.297950, 0.266891, 0.991982, Clase1
1.703137, 0.407067, -0.814584, 1.388928, Clase1
-0.457508, -1.036730, 0.693656, 1.110325, Clase1
0.842773, -0.181186, 0.674990, -0.544891, Clase1
1.005046, -1.181754, 0.076651, -0.883698, Clase1
2.809739, -0.459070, 0.624347, -0.469244, Clase1
2.295301, 1.309088, -0.886805, 0.221930, Clase1
1.081221, -0.021963, -0.274772, 0.464548, Clase1
0.611152, -0.450487, 0.449116, 0.133190, Clase1
1.453845, -0.396117, -1.417239, 0.122234, Clase1
0.639459, -1.229548, -0.294217, 0.559960, Clase1
-0.238374, 0.034229, -0.402532, -0.546166, Clase1
-0.234683, 0.112689, -0.624791, -1.201873, Clase1
0.701404, 1.207179, 0.638496, -0.093837, Clase1
1.637077, 0.280332, -1.061316, 0.820973, Clase1
0.603552, 0.023280, -1.119265, 0.161970, Clase1
0.814284, 1.805456, -0.186072, 1.116127, Clase1
0.963132, -1.045896, -0.655824, -0.716373, Clase1
1.320345, -0.265494, -0.533639, 0.376284, Clase1
0.925953, -1.814035, -1.028933, -0.326895, Clase1
0.742687, 1.339148, 0.589722, -0.324650, Clase1
0.788607, -0.410126, -1.002015, -0.362430, Clase1
1.577239, 0.101887, 0.619026, 0.091464, Clase1
2.091439, -0.614910, -1.739326, 0.621709, Clase1
0.802340, -0.762085, 0.904364, -1.048676, Clase1
1.797464, 0.073223, -0.791782, 0.203269, Clase1
1.108979, 0.419620, -0.926068, -1.294109, Clase1
1.721768, 0.421880, -0.478583, -0.929548, Clase1
1.784651, 0.399458, -0.165019, 0.180473, Clase1
0.555388, -0.273739, 0.833068, -0.199510, Clase1
1.237965, -0.115300, 0.301189, 0.634821, Clase1
1.103864, -0.432791, 0.344043, -0.256287, Clase1
0.375281, -0.068208, 0.299625, -0.062951, Clase1
1.613125, -0.518189, -1.320977, -1.111907, Clase1
0.928254, -1.796749, -0.090714, 0.105119, Clase1
2.206944, 1.274488, -0.229048, 1.058443, Clase1
0.138540, 0.714771, 0.149172, 1.389014, Clase1
0.425789, 0.563566, 0.163817, -2.360660, Clase1
1.443499, 0.340140, -0.281032, -0.193075, Clase1
-0.479768, 0.230659, 0.569994, 0.296921, Clase1
0.953167, 0.558397, 0.088013, -0.375974, Clase1
0.225916, 0.034570, 0.447264, -1.319689, Clase1
1.459566, -1.047765, -1.340262, -0.134734, Clase1
1.300819, -1.239971, 0.115482, -0.849524, Clase1
1.914196, 0.701017, -0.555328, -0.407745, Clase1
0.576402, 0.228628, -0.287593, -1.302483, Clase1
0.628353, 0.220590, -0.367511, 0.799089, Clase1
0.652473, -0.272428, -1.122636, 1.218338, Clase1
0.569563, -0.326477, 0.193890, 0.249094, Clase1
0.772412, -0.421366, 0.294936, 0.834655, Clase1
0.450585, 0.480962, -0.636802, -0.594708, Clase1
2.359042, 0.298714, -0.933109, 1.527852, Clase1
0.183088, -0.978654, 0.865095, -0.092090, Clase1
1.081806, -0.988021, 0.255409, -0.751137, Clase1
0.216169, 1.554064, -0.643527, 1.090308, Clase1
0.441486, -0.089569, 1.004840, -2.193575, Clase1
-0.511407, -0.033235, 0.068844, -1.252969, Clase1
1.859591, -0.436429, 0.859742, -0.349465, Clase1
-0.002203, -1.623144, 0.142669, -0.637563, Clase1
1.846458, 0.014020, -0.226772, 0.283742, Clase1
0.872810, 0.022163, 0.197835, 0.576790, Clase1
1.064682, -0.854399, 1.003642, -0.868198, Clase1
1.939853, 1.184571, 0.196521, 0.046510, Clase1
-0.242093, 0.127912, 0.167446, -0.170787, Clase1
1.025444, -0.121938, 1.275656, -0.196472, Clase1
0.041853, 0.147960, -1.421488, 1.211186, Clase1
1.423600, 0.715947, 0.455590, 0.167671, Clase1
0.595578, 0.724567, 0.721056, -1.164385, Clase1
1.418368, 0.900508, -0.905079, 0.714614, Clase1
0.825091, -1.128179, 2.210358, 0.723726, Clase1
2.017118, 0.253429, -0.870452, -0.282183, Clase1
0.305488, -0.858973, 0.267106, 0.601513, Clase1
0.119069, 0.256121, -0.002502, 0.062959, Clase1
1.417764, 0.918437, 0.406306, 0.183701, Clase1
0.941828, 0.422710, 0.411625, -0.477639, Clase1
0.016776, 0.449707, -0.153843, -0.327041, Clase1
1.258617, -0.503807, -0.011548, 0.479254, Clase1
1.671876, 0.021039, 0.723924, 0.425772, Clase1
0.578459, 0.131832, 0.957963, -0.736933, Clase1
0.811917, 0.778389, -0.720289, 1.309021, Clase1
0.635049, 0.014613, -0.608031, -0.159742, Clase1
0.701767, 0.297443, -1.092505, 1.167425, Clase1
0.774600, 0.111612, 0.376068, -0.908551, Clase1
0.741391, 1.445336, 1.394802, -0.866840, Clase1
2.036923, -1.028148, -0.343909, -0.878455, Clase1
1.228563, -0.120365, 0.256518, 1.627774, Clase1
1.823363, -0.499365, 0.491326, 0.010665, Clase1
1.450404, -0.906936, -0.596097, 0.222826, Clase1
0.231086, 0.227635, -0.449975, -0.984465, Clase1
0.319781, -0.124444, 0.000643, 0.461936, Clase1
2.632622, 0.873377, -0.244701, 0.122416, Clase1
2.186083, 0.991724, -0.234925, 0.275736, Clase1
1.324536, 1.397386, 0.368180, -1.516485, Clase1
-0.027053, 1.227077, 1.083740, -0.849737, Clase1
0.466591, -2.483877, 0.567859, 0.222843, Clase1
1.813703, 0.040137, 0.023019, -0.406162, Clase1
0.909947, -0.393557, -0.822993, 0.025938, Clase1
-0.756943, 0.266749, 0.028121, 0.292620, Clase1
1.701197, 0.256293, -0.942895, -0.812711, Clase1
0.535568, -0.605789, 1.272803, 0.261798, Clase1
0.978568, 0.960686, -0.498546, -0.542497, Clase1
3.236450, -1.543237, 0.141928, 1.119938, Clase1
0.942185, 0.472533, 0.915587, -1.487879, Clase1
2.685972, 0.522503, -1.204333, 0.356449, Clase1
1.024439, 0.996655, 0.817231, -0.282144, Clase1
2.226999, -0.774448, 0.190045, 0.359689, Clase1
0.714762, -0.117321, -0.043758, 0.975885, Clase1
1.675184, -0.040061, -0.164629, -0.639327, Clase1
1.001811, 1.541781, -0.698295, -0.143507, Clase1
1.933659, -0.483389, 0.393269, -0.484084, Clase1
2.005598, -0.864418, 0.860587, -0.705429, Clase1
1.589339, 0.642877, -0.306985, 0.132787, Clase1
-0.492585, -0.699632, -0.643815, -0.787992, Clase1
0.336408, -0.694885, 0.624614, -1.369262, Clase1
0.754779, 0.063103, -0.647151, 0.177447, Clase1
-0.160294, 0.030808, 0.615607, -0.155895, Clase1
1.833557, 0.688090, 0.901843, -0.158624, Clase1
1.324593, -1.106948, -1.184734, 1.182694, Clase1
1.443643, 0.341489, 0.364664, -0.243821, Clase1
1.434018, -0.055922, -0.689033, -0.824275, Clase1
0.406988, 0.357479, -1.409531, 0.129461, Clase1
0.514552, -0.077891, -1.603935, -0.162983, Clase1
1.487713, 0.510590, -0.606238, -0.335748, Clase1
0.850366, 0.556700, 0.697310, 0.807754, Clase1
0.771172, 0.196371, -1.607513, -1.005019, Clase1
0.574359, -0.096104, -1.807162, -0.101795, Clase1
1.588860, -0.751576, 0.441681, -0.688787, Clase1
0.853630, -0.153731, 0.022245, -1.135507, Clase1
1.050889, -0.452411, 0.737915, -0.382906, Clase1
0.686571, 0.231480, 0.250290, -0.101941, Clase1
1.999469, 0.151078, 0.582023, 0.191435, Clase1
0.231539, 1.289535, -0.981940, -0.342525, Clase1
1.642073, -0.303154, 0.142688, -2.320730, Clase1
0.235610, -1.397166, 0.816012, -0.112803, Clase1
1.024038, 0.409586, -0.733759, 1.722895, Clase1
0.381915, -0.164269, 0.014536, 0.280595, Clase1
1.418789, -0.172372, 1.151625, -0.970666, Clase1
0.213248, -0.099971, 0.034535, 0.485597, Clase1
-0.351632, 0.821324, -0.300107, -0.692671, Clase1
0.469790, -0.493866, 0.146286, -0.615722, Clase1
1.460609, -0.528972, 0.052215, 0.873070, Clase1
0.686123, -0.209017, -0.766362, -0.896358, Clase1
0.440046, 0.371736, 1.594996, 0.011449, Clase1
1.098090, -1.421794, -0.190598, -0.783824, Clase1
1.866942, 0.658548, -0.729327, 0.456858, Clase1
0.153477, -1.344359, -0.417739, -0.124581, Clase1
0.191547, 0.256236, -0.490701, 0.587510, Clase1
0.766815, 0.613949, 0.311165, 0.549068, Clase1
0.782933, 0.406532, -0.262195, 0.184382, Clase1
0.459213, -0.001129, -0.509237, -0.674611, Clase1
2.121490, 0.199232, 0.662461, 1.401791, Clase1
1.964230, -0.779128, -0.191047, 0.641354, Clase1
0.658871, 1.380786, -0.594774, 0.017054, Clase1
2.112732, 0.559993, 1.906581, -0.056368, Clase1
-0.155896, -0.026743, -0.450424, -0.353345, Clase1
1.681431, -0.188448, -0.095420, -0.263814, Clase1
2.003451, -1.087395, -0.347889, -1.848733, Clase1
-0.073857, 0.472386, 0.688715, -0.483536, Clase1
0.985773, -0.244357, -0.395358, -1.277165, Clase1
0.581031, 0.738254, -1.944090, 0.480772, Clase1
1.421702, -0.988648, -0.061497, 2.168132, Clase1
2.614133, 0.417843, -0.189644, 0.317726, Clase1
0.726980, -1.276051, -0.232440, -0.999871, Clase1
1.120518, 0.278427, -0.215061, -1.481976, Clase1
0.485094, -0.535176, -0.312751, 1.444242, Clase1
0.774923, 1.663836, -0.257352, -0.974207, Clase1
1.437859, 1.206598, 0.252605, 1.112552, Clase1
1.307720, 0.101057, -0.657827, 0.591014, Clase1
0.963437, -0.412742, -0.259065, 0.449609, Clase1
0.638439, -0.277723, -0.463723, -0.285728, Clase1
0.595934, -1.180354, -0.689110, -0.064870, Clase1
1.473503, 0.369023, -0.507322, -0.487983, Clase1
1.043588, 0.204318, -0.862489, -1.683072, Clase1
2.742562, -0.664575, -1.090672, 1.124031, Clase1
0.723192, -1.076387, -2.361655, 0.391095, Clase1
1.226091, -0.907748, 0.316608, 0.341636, Clase1
0.943451, -1.086108, 0.275523, 0.636201, Clase1
1.188945, -1.139712, 0.352644, -0.194528, Clase1
0.091554, 0.307333, -0.233891, 0.492923, Clase1
1.533897, -0.693844, -1.303152, 0.409312, Clase1
0.762745, 0.452089, 0.462786, 0.285899, Clase1
1.625533, 0.484659, 0.476899, -1.655729, Clase1
0.800034, 0.647622, -0.096919, 1.683950, Clase1
0.716719, 0.612053, -1.044673, 1.342201, Clase1
-0.792747, 0.468564, -0.764540, -0.499782, Clase1
1.793033, 0.263891, 1.104051, -1.712959, Clase1
1.707468, -0.103799, 0.574734, -1.497133, Clase1
1.557839, 0.963555, 0.984440, 0.085535, Clase1
0.927362, 0.126412, -0.819239, -0.081784, Clase1
0.981650, 0.648000, -0.776007, 0.964938, Clase1
0.961746, -1.446564, -0.954943, 0.062013, Clase1
3.263154, 1.620947, 1.319480, -0.071150, Clase1
1.570022, 0.770282, -0.396998, -0.834261, Clase1
1.595989, -0.478100, 1.128964, 0.121117, Clase1
1.873042, -0.341184, 0.477880, -1.065937, Clase1
2.871165, 0.136267, -0.054678, 0.010594, Clase1
1.694426, 2.300607, -0.105061, 0.005179, Clase1
1.676070, -0.565544, 0.387799, -0.021799, Clase1
1.673245, 0.398390, 0.640754, -1.016600, Clase1
1.544964, -0.628447, 0.070581, 0.247886, Clase1
1.288005, -1.149348, -0.522871, -0.260487, Clase1
0.560399, -1.777648, -0.522800, 0.082554, Clase1
2.029107, 0.906527, -1.346412, -0.230817, Clase1
1.040202, -0.723060, -0.245344, -0.284520, Clase1
1.605578, -0.784181, 0.569110, -1.199678, Clase1
0.515141, -0.142995, 0.482893, 0.027576, Clase1
0.669918, 0.404670, 0.141132, 0.420749, Clase1
0.829422, 1.004509, 0.520824, -0.392316, Clase1
0.472949, -0.199242, -0.554719, -0.762422, Clase1
1.997420, -1.306423, -0.595131, 0.676951, Clase1
1.074577, 0.535666, -2.017986, -0.071478, Clase1
1.741881, -0.250194, 0.362739, 0.639486, Clase1
1.207358, -0.465528, -0.790029, 0.583775, Clase1
1.542190, -0.441667, 1.539314, -1.829050, Clase1
1.767161, 0.462062, -0.654389, 0.272181, Clase1
0.783739, -0.484111, -0.603359, -0.356679, Clase1
0.607409, 0.379869, -0.893056, -0.799041, Clase1
0.199564, -0.328801, -1.477567, 0.746646, Clase1
2.182842, -0.502209, -0.451306, -0.904744, Clase1
0.083752, -0.601330, 0.732046, -0.105764, Clase1
1.638649, -0.192879, -0.147157, 0.540615, Clase1
1.293059, 0.247427, -0.433663, -0.445961, Clase1
1.022414, -0.320900, 1.943774, -1.539712, Clase1
1.701072, 0.293766, 0.707925, -0.663017, Clase1
1.401665, -0.099882, 0.766073, -1.326304, Clase1
0.841414, 0.209983, 0.405556, 1.036574, Clase1
-0.080228, 0.687134, 0.516247, 0.527940, Clase1
0.626501, 0.506758, -0.466415, 0.001185, Clase1
0.161566, 0.640684, 0.190020, 0.580435, Clase1
0.609897, -0.500260, 1.426481, -1.597513, Clase1
0.680004, -0.575313, -0.050355, -0.940707, Clase1
1.213637, 0.331335, 0.543281, 0.292991, Clase1
0.972435, 0.311277, -0.057550, -0.099178, Clase1
1.716497, -0.828776, 0.106902, 0.129300, Clase1
1.134321, 0.139882, -0.014935, 0.032049, Clase1
-0.745876, -0.038219, -0.020211, 0.070945, Clase1
1.842282, -0.976742, -0.420366, -2.136265, Clase1
1.958036, 0.074748, 1.565847, -0.343105, Clase1
1.249265, 0.364831, -2.146049, -0.519061, Clase1
1.052151, -0.294151, -0.045232, 0.306146, Clase1
-0.452818, 1.348753, -0.646350, -0.008386, Clase1
1.622728, 0.444118, -0.823199, -0.746595, Clase1
0.445704, 1.796649, -1.223034, 1.148738, Clase1
1.814572, -0.301997, 0.469084, 0.683187, Clase1
0.023426, -0.060007, -0.557158, -0.223789, Clase1
2.793842, -0.344840, 0.099743, 0.004282, Clase1
1.328503, 0.496613, -0.051979, 0.050928, Clase1
0.042215, 0.699293, 1.537862, 0.306679, Clase1
1.919414, 0.711866, -0.676958, -0.366976, Clase1
2.102005, 0.170911, -0.756002, -1.239134, Clase1
0.556922, -1.560515, 1.323737, -0.259024, Clase1
1.246838, 0.730781, -0.501224, 0.262896, Clase1
1.022542, -1.057201, 1.018790, 0.775537, Clase1
0.028449, -0.126244, 0.707001, -0.898359, Clase1
0.602669, 0.621272, -1.434041, -0.302050, Clase1
0.564574, -0.131323, 0.204861, 1.290964, Clase1
1.102774, 0.369138, -0.799232, 0.879881, Clase1
0.733185, 0.517735, 0.301678, -1.614841, Clase1
1.423806, 0.709140, 1.025509, 1.232194, Clase1
2.610787, -0.062821, 0.769189, 0.327703, Clase1
0.021701, -0.278488, 1.286767, 1.460795, Clase1
1.355056, 0.336075, -0.392550, 1.287997, Clase1
0.107704, -2.061489, -0.863232, -0.525166, Clase1
0.144625, 0.444897, -0.162967, -0.355901, Clase1
0.145754, 0.247155, -0.306036, 0.439673, Clase1
0.555692, 1.242999, 1.128368, 0.059330, Clase1
0.677337, 0.674800, -0.117967, -1.146062, Clase1
0.633018, 0.355871, -1.282905, 0.674855, Clase1
0.681621, 1.779391, -0.006065, 1.413895, Clase1
0.171974, 0.203147, 0.258473, -0.595347, Clase1
0.148897, 1.148502, 0.512123, 0.264025, Clase1
0.747769, -0.567033, -0.538943, 0.460650, Clase1
1.173391, 0.638771, -1.361223, -0.657862, Clase1
0.912952, 0.111230, 0.555728, -0.057916, Clase1
2.059937, -0.486747, 0.336342, -0.404032, Clase1
1.858116, 0.191532, 0.142481, 0.617715, Clase1
-0.203095, -0.936062, -0.228796, -0.043884, Clase1
0.107707, 0.829925, 0.300244, -0.670216, Clase1
-0.143185, 0.831502, 1.235877, 0.615127, Clase1
0.607916, 0.839637, -1.385869, -0.936602, Clase1
-0.166918, -0.255190, 0.921660, -0.464961, Clase1
0.619404, -0.085143, -0.847814, 0.491229, Clase1
0.230344, -0.045796, -0.238683, -1.117195, Clase1
1.760899, -0.081663, -0.937788, -0.632554, Clase1
0.569025, -0.392074, -0.617331, -0.379575, Clase1
0.335436, -0.050083, 1.012821, 1.181961, Clase1
-0.967193, -0.107583, 0.030628, 0.800612, Clase1
0.761448, 0.173863, -0.637927, -0.374176, Clase1
-0.386398, 0.243387, -0.055262, 0.865991, Clase1
2.163327, -0.112487, 0.652545, 1.144231, Clase1
1.563243, -0.395871, -0.167411, -0.908971, Clase1
2.307701, -0.860756, 0.807416, 1.020353, Clase1
2.822590, 0.312661, 0.849326, -0.294170, Clase1
1.564586, 0.441401, -1.796313, 0.981938, Clase1
0.882760, -0.075711, -0.320261, 0.014563, Clase1
0.483049, -0.023693, 0.938920, -0.049503, Clase1
1.551145, 0.093909, 1.034879, 0.155538, Clase1
1.762410, -0.517270, 0.308645, 0.781742, Clase1
1.887988, 0.053273, -0.807138, 1.199676, Clase1
1.443534, 0.940575, 0.973351, 1.027612, Clase1
0.659645, -0.397726, 0.429486, -0.446141, Clase1
0.476831, 0.485843, -0.392336, 0.078414, Clase1
1.675570, -0.111212, 0.071441, 0.669528, Clase1
-0.069338, -0.523077, 0.400438, -0.295284, Clase1
1.625504, 0.492477, 0.368759, -0.018495, Clase1
-0.054868, 2.432892, 1.499009, -0.661364, Clase1
1.488908, -1.516784, -1.261201, 0.627063, Clase1
0.068233, -0.207890, 0.712277, -1.502707, Clase1
1.304942, -0.049294, 0.847989, 0.452413, Clase1
1.028925, 0.672329, 0.769745, 0.724121, Clase1
0.953274, 0.062578, -0.621909, 0.723348, Clase1
0.810133, -0.033212, 0.367234, 0.846696, Clase1
1.374086, 1.112152, -1.555930, -0.384772, Clase1
1.761183, 0.612821, 0.042906, -0.627047, Clase1
0.109105, -0.337466, 0.047791, -0.048996, Clase1
0.080041, -0.254573, -0.568602, 0.250015, Clase1
0.988424, 0.002421, 0.007516, -0.162197, Clase1
0.668906, -1.148704, -0.310795, 0.718099, Clase1
1.522893, -0.748779, -1.179653, -0.357683, Clase1
1.164810, -0.279005, 0.682495, 0.153365, Clase1
0.757782, -0.134783, -1.636428, 0.725470, Clase1
0.755197, 0.493734, 1.758760, 0.297030, Clase1
0.116116, 1.082056, 1.004300, -0.075726, Clase1
0.682385, -0.258942, 1.091025, -1.312623, Clase1
2.262241, 1.190845, 0.424986, -0.186579, Clase1
2.519522, -0.372390, 1.953769, -0.101859, Clase1
2.750727, 0.953414, 1.095934, 0.560818, Clase1
0.908494, 0.788148, -1.425778, 0.209417, Clase1
0.788942, -0.256994, 1.229081, -0.564471, Clase1
-0.063777, 0.188487, -1.283830, -1.281571, Clase1
0.873134, 0.368770, -0.246491, 0.175284, Clase1
0.775330, -0.628862, 0.090019, 1.009687, Clase1
0.153229, -0.956617, 1.514783, -0.917405, Clase1
0.895156, 0.449951, -0.191156, -0.081454, Clase1
1.453199, 0.397263, -0.443874, -1.238561, Clase1
2.053915, 0.706485, -0.689239, 0.012090, Clase1
0.195125, 1.020067, 1.199413, 0.778807, Clase1
1.879109, 1.121074, 0.720396, -0.902231, Clase1
1.788384, -0.615288, -0.133794, 0.766387, Clase1
1.164582, -0.517092, 0.063571, 0.442570, Clase1
1.655764, 0.243327, -0.136284, -0.964983, Clase1
-0.299201, 0.758904, -0.824026, 0.982893, Clase1
1.805354, 0.023603, -0.117184, 0.008477, Clase1
1.256378, -0.167626, 0.014881, 0.000345, Clase1
1.991439, -0.166169, 0.479268, -0.411718, Clase1
0.641622, 0.365406, -0.817914, -0.384896, Clase1
0.685728, 0.138836, -1.248713, 0.323740, Clase1
0.679153, -0.819670, 0.420235, 1.576491, Clase1
2.119361, -0.699207, 0.341069, -0.738433, Clase1
2.694650, 0.434895, 0.018841, 0.510076, Clase1
2.173170, 0.301278, 0.434698, -0.406096, Clase1
1.008852, 1.422104, 0.295168, -0.443805, Clase1
0.775416, 0.954841, -0.446500, -0.022420, Clase1
0.683184, -0.045151, -0.479520, 0.334927, Clase1
1.698336, 0.380729, -1.058451, 0.623253, Clase1
0.432823, 0.570218, -1.050667, 0.372325, Clase1
-0.048072, 0.691766, 1.050723, 0.891516, Clase1
0.972327, 0.512195, -0.092561, 1.066517, Clase1
0.981004, -0.184289, 0.173142, 0.345490, Clase1
1.080656, -0.916135, 0.699901, -0.525376, Clase1
0.548334, -0.017458, -0.210765, 0.341628, Clase1
0.907747, 0.508433, -0.147467, 0.267246, Clase1
1.053877, 1.095740, 0.204666, -0.176958, Clase1
1.735885, -0.484571, 0.537677, -0.351935, Clase1
0.102340, 1.025609, 0.550140, 0.762764, Clase1
0.452735, 0.137735, 0.381186, -0.993640, Clase1
0.848655, 1.050655, -1.306027, -0.462947, Clase1
1.254895, -0.259263, -0.966583, -0.501137, Clase1
1.974005, 0.511863, -0.202330, -0.707721, Clase1
1.943757, -0.010718, -0.246300, -0.618750, Clase1
-0.416946, 0.449403, -0.086749, -0.295762, Clase1
1.583434, -1.256033, -0.447331, -0.190402, Clase1
2.327443, 0.251323, 0.046855, 1.365073, Clase1
1.586154, 1.414808, -0.729394, -0.454436, Clase1
1.052997, 0.331362, -0.231912, -1.197761, Clase1
-0.323189, -1.149080, 0.470033, -1.903184, Clase1
1.491810, 0.160365, 0.108958, -0.736386, Clase1
0.177824, -0.419480, -1.244894, 0.064880, Clase1
1.609378, 0.236202, 1.077370, -0.684611, Clase1
1.829871, -0.794446, -0.292006, -0.110620, Clase1
0.801434, -0.798400, 1.469489, 0.188069, Clase1
1.425365, 0.298691, 0.016263, 0.119777, Clase1
1.870719, 0.320841, -0.205461, -0.330951, Clase1
1.703750, -0.795458, -1.376175, -0.449692, Clase1
0.291443, 1.279907, 0.647122, -0.463925, Clase1
0.862017, -0.955631, 0.711930, 0.769214, Clase1
1.466174, -0.585677, -0.381411, -0.737929, Clase1
0.315663, -0.414625, 0.169701, 0.287025, Clase1
-0.611137, 0.166704, -0.965666, 0.691222, Clase1
1.791842, 0.967538, 0.310577, 0.267574, Clase1
0.762991, -0.764908, 1.791417, 1.172314, Clase1
-0.533040, 0.499179, 0.089759, -0.165624, Clase1
1.337095, -1.391204, 0.242963, -0.681834, Clase1
1.744950, 0.861383, 0.321390, 0.678206, Clase1
1.688421, 0.331076, 0.605912, 0.170925, Clase1
-0.770428, -0.648879, -0.313535, -0.628138, Clase1
0.490070, -0.863724, 1.379466, 0.189744, Clase1
0.986830, -1.177429, 1.285217, 1.337823, Clase1
2.061257, 0.545500, 2.075897, -1.289328, Clase1
0.603279, 0.349666, 0.938392, -1.353379, Clase1
0.925621, -0.702905, 0.425057, -0.151523, Clase1
2.185943, 0.008941, -1.448480, 1.359299, Clase1
2.198876, 0.144202, 0.215236, -0.236740, Clase1
1.190872, 0.029354, 0.105116, 0.781231, Clase1
1.476776, -0.003641, -0.989872, 0.444921, Clase1
1.125196, 0.435264, -0.564865, -0.401906, Clase1
1.054239, 1.118024, -1.056199, -0.400811, Clase1
1.502595, 0.829241, 0.907653, -0.030325, Clase1
1.549877, 1.535608, 0.786070, 0.297321, Clase1
1.384168, 0.924084, 0.364263, -0.435273, Clase1
1.101311, 0.369580, 0.593233, 0.350113, Clase1
1.202754, 0.559353, 0.096187, 0.505427, Clase1
-0.025188, 0.488890, -0.418139, 0.611265, Clase1
0.772121, -0.428797, 0.163792, 0.219736, Clase1
-0.307918, 0.132160, -0.024742, -0.527055, Clase1
0.693567, -0.324704, 0.116283, 0.788421, Clase1
0.907530, 0.085009, 2.697433, -0.360222, Clase1
1.707403, 1.182714, -0.871181, -1.371496, Clase1
1.138433, -1.338343, -0.282155, 1.156829, Clase1
1.514678, 0.483086, 0.303802, -0.689519, Clase1
1.048307, 0.191457, 0.799280, -0.019390, Clase1
0.330215, -0.156017, 0.730028, -0.306089, Clase1
1.615166, -0.327070, -0.228472, 2.082757, Clase1
2.298630, 0.258679, 0.270808, -0.143502, Clase1
1.683420, 0.942860, 0.286095, 1.592169, Clase1
1.873101, -0.090169, -0.548211, -0.411866, Clase1
1.988411, 1.308271, -0.202568, 0.379284, Clase1
0.862468, 0.646123, -0.538906, -0.030190, Clase1
0.866625, 0.149789, -0.102727, -0.220566, Clase1
-0.215950, 0.874796, -1.082099, -0.047082, Clase1
0.939590, 1.723990, -0.077341, 1.223495, Clase1
0.522418, -0.394899, 0.445778, 1.279970, Clase1
0.425461, -0.215030, 0.585273, -0.043745, Clase1
1.160740, 0.598538, 0.812742, -0.194508, Clase1
0.539095, -0.414842, 0.862643, -0.545782, Clase1
-0.309017, 0.356853, 1.661262, 0.568919, Clase1
0.758672, -1.727429, 0.121869, -1.449885, Clase1
0.395413, -1.084512, -0.261628, -0.606442, Clase1
1.228738, -0.363845, -0.093861, -0.445064, Clase1
1.074764, -0.794667, 0.189267, -0.346557, Clase1
2.806933, 2.123291, 0.576434, 0.528513, Clase1
1.554705, 0.137377, 0.033931, 0.501016, Clase1
-1.318859, 0.269119, -0.760855, -0.183515, Clase1
0.723826, -0.751053, 0.792401, 1.010890, Clase1
0.090667, 0.233677, 0.283245, 0.358557, Clase1
1.187105, 1.000422, -0.543861, -0.802644, Clase1
1.307820, -0.634570, -0.678473, 0.425991, Clase1
0.839706, -0.074725, 0.166837, -0.735509, Clase1
1.416236, -0.127224, -0.640737, 0.289652, Clase1
0.942244, -0.067315, 0.200042, 0.513031, Clase1
-0.146350, -1.067193, 0.215037, -0.962353, Clase1
0.652265, -0.128828, 1.979769, -0.811423, Clase1
0.865112, 0.215998, -0.348570, -0.096942, Clase1
1.714422, -0.073446, -0.276462, -0.356817, Clase1
-0.151694, -0.455239, -0.403192, -0.260980, Clase1
0.510649, -1.007747, -0.127476, -0.198398, Clase1
0.162952, 0.543926, -0.197816, -0.626508, Clase1
-0.256032, -1.426812, -0.522087, 0.840790, Clase1
1.909342, 0.928169, -0.045966, -1.999385, Clase1
1.924487, 1.607795, -0.865556, 0.225901, Clase1
1.074093, -0.123571, -0.332011, 0.628349, Clase1
1.769290, 0.457002, 0.742296, -1.272989, Clase1
-0.256509, 0.233737, 1.170002, 0.813694, Clase1
2.233204, 0.360869, -0.218967, 0.209006, Clase1
-0.169427, -0.426047, 0.892911, 0.278898, Clase1
1.156691, 0.906775, -0.307198, 1.788936, Clase1
0.865611, 0.432863, 0.557159, 0.387928, Clase1
0.165042, 0.730274, 0.070717, 0.268370, Clase1
2.104980, 1.043584, 1.275050, 0.162860, Clase1
1.216092, -0.910875, -0.260335, -2.342721, Clase1
1.349954, 1.172977, -0.974146, -0.299641, Clase1
1.205638, 0.080561, 0.874953, -0.177124, Clase1
2.225985, -0.031449, -1.116387, 0.295308, Clase1
1.316274, -0.249150, 0.026212, 1.071571, Clase1
1.274474, -0.071550, 1.246629, -0.162052, Clase1
0.001463, 1.947089, -0.044868, -0.835209, Clase1
0.080272, -0.922451, -0.151615, -0.645213, Clase1
0.073726, -1.564896, -0.044309, -0.183978, Clase1
0.871475, -0.704817, -0.052644, -1.164273, Clase1
1.220544, -0.081131, -0.500867, 0.091333, Clase1
1.617139, -0.008482, 0.691254, -0.005438, Clase1
1.575705, 0.200237, 0.424207, -0.275207, Clase1
0.317137, -0.351816, -0.115438, 0.818691, Clase1
0.849041, -0.956229, -0.456343, -0.424053, Clase1
1.452492, -0.038564, -1.614005, 0.421889, Clase1
0.867417, 0.348887, -0.502493, -1.496309, Clase1
1.724318, 1.146867, 0.220441, 0.336824, Clase1
0.589582, -0.689105, -0.620876, 0.114981, Clase1
0.842955, 1.059475, -0.767167, 0.584019, Clase1
1.774735, 0.669234, 0.462575, -0.198114, Clase1
0.546008, 1.287313, 0.709985, 1.138984, Clase1
1.505473, -0.459455, 0.191995, 1.945889, Clase1
1.684992, 0.556630, 0.275646, 0.028731, Clase1
0.770450, -0.143529, -0.980871, 0.519430, Clase1
-0.314364, -0.866213, -0.098451, 1.224344, Clase1
1.434622, -0.251220, -0.242870, 0.329939, Clase1
0.459251, -0.463746, -0.492739, -0.141928, Clase1
-0.231226, -0.579239, 1.199054, 0.276134, Clase1
2.212299, -0.765301, 0.089984, 1.372232, Clase1
-0.000888, -0.805479, 0.043061, -0.328930, Clase1
1.605742, 0.010374, 0.322989, -1.527153, Clase1
1.227597, 1.591225, 0.243397, -0.708607, Clase1
1.696139, -1.008183, -0.125794, -1.163316, Clase1
-0.398045, 0.658290, 0.152805, 0.562782, Clase1
0.956488, -1.129292, -1.766116, -0.434233, Clase1
0.527893, 0.702338, -1.785247, 0.573922, Clase1
0.460081, 0.941487, -0.899668, -0.331239, Clase1
0.904708, 0.377832, -0.612718, 0.831330, Clase1
1.420227, 0.258756, 0.313391, -0.903222, Clase1
1.216804, -0.441767, -0.480679, 0.108440, Clase1
1.081807, -1.285966, -0.318646, -0.023223, Clase1
0.139941, 0.529591, -0.815004, -0.128553, Clase1
0.332276, -0.658181, 0.320756, -0.411019, Clase1
2.877120, -0.338127, 0.418852, -0.540258, Clase1
0.018304, -0.584039, -0.169637, -0.226610, Clase1
0.742873, -1.875335, -0.513534, -0.133799, Clase1
-0.189248, 0.389935, -0.021670, 0.338573, Clase1
0.625880, -0.479576, 0.410646, 0.204552, Clase1
2.150980, -0.110523, -0.218834, 0.344839, Clase1
1.088765, 1.078183, -0.178290, -0.996897, Clase1
1.882120, 0.099485, 0.974615, 1.397182, Clase1
1.525493, 0.253283, 0.405733, 0.096559, Clase1
0.703792, 0.092925, 0.319494, -0.227142, Clase1
1.896774, 0.253631, -0.545763, 1.187479, Clase1
1.793029, -0.155658, 0.128010, -0.611447, Clase1
0.282278, 0.136843, -0.723221, -0.662918, Clase1
0.071968, -0.531212, 0.268833, -0.147213, Clase1
1.035993, 1.132104, -0.894507, -0.871186, Clase1
1.528645, 0.006537, 0.772563, -1.516526, Clase1
0.680560, 0.460436, 0.826777, 1.196092, Clase1
1.261712, 0.513900, -1.386142, -1.835451, Clase1
0.900327, 0.174184, -0.672572, -0.561265, Clase1
1.609024, 1.201417, 0.727531, 0.515913, Clase1
0.724483, 0.202873, -0.221679, -0.470442, Clase1
1.295440, 0.167240, 0.955639, 0.119533, Clase1
2.668444, 0.391316, 0.428070, 0.591050, Clase1
2.042068, 2.553001, 0.491372, -1.076987, Clase1
0.747513, -0.238936, -1.234965, 0.119541, Clase1
-0.164876, -0.760902, 1.600821, 0.798832, Clase1
2.135354, 0.519834, 1.311180, 0.164753, Clase1
-0.124576, 0.021306, -0.743306, 0.216672, Clase1
1.085376, -0.396940, -0.677598, 0.592335, Clase1
0.728325, -0.000261, 0.344036, -0.611449, Clase1
-0.386190, 1.125426, -0.058172, 0.785034, Clase1
-0.057344, 0.730562, 0.670734, 1.642758, Clase1
0.662949, 0.780073, -0.434826, -0.033751, Clase1
0.248172, 2.032816, -0.025919, 0.691313, Clase1
0.269740, -0.137654, -0.416181, -1.156911, Clase1
1.153515, 0.131417, 0.708500, 0.262929, Clase1
-0.184324, 0.418105, -0.550416, 1.025484, Clase1
1.837402, -0.408472, 0.497186, 0.235744, Clase1
1.545214, -0.177676, -0.815260, -0.834584, Clase1
1.073776, 0.624955, 0.726562, 1.453995, Clase1
2.004729, -0.491436, -0.392762, -0.315358, Clase1
0.490565, 0.402053, 0.322040, 0.907704, Clase1
1.320589, -0.526728, -1.050744, 1.069559, Clase1
1.708260, 0.233276, -0.477218, -1.079565, Clase1
-1.022815, -0.545653, -0.203411, 0.168922, Clase1
0.666572, -0.679714, 1.164598, -1.912986, Clase1
1.312790, 0.538114, -0.211325, 0.688610, Clase1
1.229322, -0.404924, 0.883088, -0.647501, Clase1
0.786754, 0.786990, 0.769635, -0.399992, Clase1
0.183613, -1.360866, -0.028683, 1.431761, Clase1
1.514293, 0.564922, -0.054764, 0.456369, Clase1
0.491251, -0.351326, 0.859595, 1.434376, Clase1
0.573100, 0.428634, -0.346106, 0.735441, Clase1
1.164395, 0.048509, 1.476110, -0.266844, Clase1
1.156138, -0.807716, 1.687726, -1.188860, Clase1
-0.617250, -0.758567, 0.562527, 0.634148, Clase1
0.566102, -0.149979, 0.235660, 0.158209, Clase1
0.119444, 1.657709, 0.956878, -0.020909, Clase1
0.422815, -1.736058, -1.175073, -0.712674, Clase1
0.196243, -0.173634, 1.038982, -0.347425, Clase1
0.518601, 1.097294, 0.559738, -0.400086, Clase1
0.759141, 1.915745, -0.291206, -0.009678, Clase1
0.715971, -0.580798, 0.939958, 1.258596, Clase1
2.362561, -0.646795, -0.654178, -0.621730, Clase1
-0.331525, -0.088426, 0.574997, 0.490269, Clase1
1.312749, 0.813540, -0.341658, 0.614703, Clase1
0.769613, -0.538559, -0.910277, 0.195010, Clase1
1.125152, -0.081927, -0.448923, -0.548479, Clase1
2.317456, -0.170418, 1.175250, -0.280727, Clase1
0.011008, -0.588753, 0.269741, -2.422670, Clase1
0.704908, 1.063079, 1.166897, 0.102621, Clase1
1.827989, 0.265366, 0.195316, 0.578103, Clase1
0.676597, 0.644804, 0.201903, -0.065118, Clase1
1.170547, 0.065738, -0.256153, 0.679437, Clase1
0.904114, 0.798583, -0.150808, -0.006989, Clase1
0.682476, -0.190852, -0.702076, -0.795496, Clase1
1.199041, 0.181351, 1.016690, -0.753261, Clase1
0.402187, -1.437899, 0.446153, -0.345333, Clase1
1.217350, 0.458449, -0.239141, 0.859144, Clase1
0.342067, 0.126736, 0.248387, -0.722456, Clase1
1.161082, 0.831634, -0.905018, -0.024045, Clase1
1.387260, -1.582294, -0.247461, 0.052209, Clase1
0.883327, -0.817877, -0.177527, -0.690385, Clase1
0.412410, -0.383797, 0.351232, 1.263490, Clase1
1.249995, -1.369309, -1.457710, 0.567768, Clase1
1.844266, -0.178479, 0.151582, -1.834266, Clase1
0.663909, 1.213379, 0.057312, 0.210886, Clase1
1.416568, 0.050670, 0.919106, -0.747791, Clase1
1.373856, 0.446001, 0.667749, -0.461855, Clase1
2.064043, 1.095079, -0.706091, -0.465498, Clase1
1.415424, -0.747980, -0.763027, -0.812258, Clase1
1.726040, -0.122047, -0.269084, -0.144877, Clase1
0.420522, -0.743621, 0.427551, 0.965474, Clase1
1.268846, -1.423567, -1.401764, 1.816979, Clase1
0.990183, -0.734015, -0.281096, 1.066681, Clase1
1.572787, -0.566157, -0.554103, 1.740724, Clase1
0.269998, -0.289758, 0.836429, 0.804391, Clase1
2.913771, 0.162497, -0.396084, 1.047262, Clase1
1.385535, -1.861936, -0.024116, 0.104165, Clase1
0.242437, -0.283041, 0.209394, 0.599602, Clase1
0.811436, -0.638488, -0.282436, -0.550666, Clase1
2.183953, -0.613771, 0.056361, -0.290810, Clase1
-0.926014, -0.179389, 1.048144, -0.117312, Clase1
2.028775, -0.212194, 0.560202, -0.132688, Clase1
2.208761, -0.657307, 0.385609, 0.555351, Clase1
1.475388, 0.977474, -1.729275, 0.151144, Clase1
1.773289, 1.310591, -0.157124, -0.295534, Clase1
1.528601, -0.648998, 1.392368, 0.562956, Clase1
0.725598, -1.235993, 0.843428, 0.483265, Clase1
0.812055, -1.632878, 0.195433, 1.360773, Clase1
0.067748, 0.217125, -1.368033, -0.007499, Clase1
0.834039, 0.411547, -0.540857, -0.897863, Clase1
0.811706, -0.066409, -0.215433, 0.092331, Clase1
0.227142, -0.284010, 1.054206, 0.008871, Clase1
1.477998, -0.191327, 0.015071, 0.394064, Clase1
2.326156, -0.390421, -0.775967, 0.367108, Clase1
1.209913, 0.144266, -0.408638, 0.519089, Clase1
1.788362, 0.179330, -1.215957, 1.042286, Clase1
2.308290, -0.575085, -0.145717, 0.249455, Clase1
1.063726, -2.019779, -1.323506, 0.754868, Clase1
0.046939, 0.755267, 0.185207, -0.567910, Clase1
1.696611, 0.487319, -0.561687, 0.230381, Clase1
1.753821, 0.026526, 1.118563, -0.534553, Clase1
0.868316, 0.761071, -0.424496, -1.125389, Clase1
0.672961, 0.262202, 0.038216, -0.176880, Clase1
0.282092, -1.442149, 0.323535, 0.062808, Clase1
0.338021, -0.139806, -0.347861, -1.369027, Clase1
1.352490, -0.259233, 0.078042, -0.610860, Clase1
-0.398790, -0.704720, -0.589614, 1.181112, Clase1
0.117740, 0.265242, -0.447298, -0.749749, Clase1
0.265763, -1.124470, -0.241057, 0.410868, Clase1
-1.040170, 1.596936, 0.220778, 0.133709, Clase1
1.858123, -0.142729, 0.384555, -0.313502, Clase1
0.419240, 0.128896, -0.035688, -0.364409, Clase1
0.280453, -0.987412, 1.282077, 1.420321, Clase1
0.677491, -0.874352, -0.531812, -0.496499, Clase1
2.555019, 0.561257, 0.375584, -0.396648, Clase1
1.442703, 0.071212, -0.590900, -0.260921, Clase1
1.938075, 0.707398, 0.425206, -0.042810, Clase1
0.385086, -1.100613, -1.492275, -1.688025, Clase1
-0.056378, -0.222016, -0.016683, -0.420137, Clase1
2.022947, 0.998717, -0.945396, 0.498109, Clase1
0.579419, -0.720084, -0.503762, 0.465104, Clase1
1.525850, 1.208930, -0.053426, 1.452904, Clase1
0.131170, 1.211827, -0.227936, 0.792857, Clase1
1.207322, -0.172140, -0.329787, -0.037991, Clase1
3.289841, -0.042434, -0.647755, -0.463353, Clase1
-0.111437, 0.268649, 0.958170, 0.878308, Clase1
1.891222, -1.103915, 1.323703, -0.270197, Clase1
1.095497, 0.450468, 1.383858, -1.183708, Clase1
0.706840, -0.632691, 1.067124, -0.673766, Clase1
-0.374716, -0.946201, -0.557291, 0.727862, Clase1
1.442954, 0.342369, 1.143529, -0.514807, Clase1
1.559443, -0.241822, 0.447040, -0.488912, Clase1
-0.130923, -0.091418, -1.018079, 0.726594, Clase1
1.973012, 1.083036, -1.492788, 0.318828, Clase1
1.371139, -0.744651, 1.743686, 0.293817, Clase1
0.689645, -0.098554, -0.877255, -0.190573, Clase1
0.584687, 0.428046, -0.031023, 0.051400, Clase1
0.791606, 0.106653, 0.797292, -0.859474, Clase1
1.491231, 0.559696, 0.750183, 0.742741, Clase1
1.132017, -0.052068, -0.649165, 0.677596, Clase1
1.198171, -0.616754, 0.486843, 0.503668, Clase1
1.911715, -0.754326, -0.514578, 0.457927, Clase1
1.837382, -0.043016, -1.674071, -0.999331, Clase1
0.236110, -0.793319, 0.222405, -0.281123, Clase1
1.574212, 0.691707, 1.650849, 0.412800, Clase1
1.112005, 0.750601, 1.051087, 1.659719, Clase1
0.694939, 0.016598, -1.321261, 0.659676, Clase1
1.763220, -0.692551, -2.052309, 0.317810, Clase1
-0.152783, -0.701002, 2.172390, 0.245573, Clase1
1.096635, 0.135577, -0.447165, 0.063435, Clase1
0.826582, -0.085565, 0.017102, -0.452458, Clase1
1.291724, -0.801594, 0.813268, 0.372110, Clase1
2.440881, 1.407796, -0.741142, -0.041892, Clase1
2.268347, 0.112753, 1.093971, 0.122666, Clase1
0.758792, -0.656633, 0.160423, -1.059496, Clase1
0.766284, 1.051784, 0.276775, -1.085106, Clase1
1.458854, -1.137962, 0.496015, -0.034661, Clase1
1.253996, -1.092593, -1.181891, 0.313272, Clase1
2.547846, -0.004024, -0.378371, 1.059570, Clase1
2.186076, -0.154471, 0.861994, 0.462750, Clase1
-0.458784, -0.348261, -0.150755, -1.392744, Clase1
0.780668, -0.138804, -0.556200, -0.153934, Clase1
0.457426, -1.102721, 0.032487, -1.166544, Clase1
1.378169, -0.474459, -0.446649, -1.229808, Clase1
2.950172, 1.347023, 0.336309, -0.684084, Clase1
1.074220, 0.333130, 0.797730, 0.446691, Clase1
0.530000, -0.244370, -1.010221, 0.416113, Clase1
-0.782654, -0.267801, 0.783681, -0.249289, Clase1
1.512010, 0.303037, -0.491894, 0.899551, Clase1
1.280676, 0.758802, -0.546051, 0.190265, Clase1
1.007412, 0.036108, -1.179276, -0.383167, Clase1
1.793686, -0.507718, -0.365722, 1.110782, Clase1
1.230165, 0.230851, 0.133273, 0.629056, Clase1
1.803417, 0.855915, 0.446661, 0.166958, Clase1
1.236769, -0.185851, 0.535186, -1.739273, Clase1
0.796192, 0.800230, -0.480291, 0.429895, Clase1
1.567931, -0.316654, -1.100960, 0.610425, Clase1
0.650745, -1.635313, -1.005460, 0.401002, Clase1
-0.151321, 0.878503, 0.714018, 0.259837, Clase1
0.191152, 0.188789, 0.502250, -0.964594, Clase1
0.003517, 1.362160, -0.270557, -0.332271, Clase1
0.981739, 0.140662, -0.256034, 0.072746, Clase1
2.426766, 0.223845, 0.732950, -1.773325, Clase1
1.726357, 0.436435, 0.165040, 0.063632, Clase1
1.199885, 0.149282, 0.867249, 0.955998, Clase1
0.301876, 0.030630, 0.602225, -1.722387, Clase1
0.691057, 1.118221, -0.424672, 0.800735, Clase1
0.524880, -1.841974, -1.547776, -0.389587, Clase1
0.836481, -0.534672, -0.191146, 0.253485, Clase1
1.456488, -0.849389, -1.711690, -0.344962, Clase1
0.122266, -1.438504, 0.684251, 0.696977, Clase1
1.689474, -0.757412, 0.087141, -0.114254, Clase1
1.643364, -1.220450, -0.521695, 0.462761, Clase1
0.737488, 0.949115, 0.044685, -0.211545, Clase1
1.325227, -0.805479, -0.968422, -1.175458, Clase1
0.591339, -0.593692, 0.777709, 0.282850, Clase1
1.338489, -1.245021, 0.392368, 0.239233, Clase1
0.789089, 0.172263, -1.589489, -0.330695, Clase1
0.584543, -0.174569, 0.473811, 0.210016, Clase1
0.985509, 0.224324, -0.681414, 0.293763, Clase1
1.909585, -0.040803, 0.869125, -1.300640, Clase1
-0.684648, -0.012855, 0.926046, -1.186612, Clase1
0.355554, 0.377423, 0.550355, -0.791560, Clase1
1.195708, 1.150079, 0.604008, -1.143377, Clase1
1.334621, -0.137708, 0.242505, 0.994497, Clase1
1.525432, 0.592876, 0.716198, -0.534260, Clase1
0.667299, 1.367723, -0.120472, -0.212718, Clase1
1.877713, 0.567498, -0.847660, -0.066561, Clase1
0.667546, -0.397423, -0.718064, -0.180198, Clase1
0.944634, -0.407653, 0.985378, -0.290473, Clase1
1.971611, 0.416071, -1.353481, -0.592774, Clase1
1.630165, -0.126430, -0.435288, 0.672227, Clase1
0.796810, 0.730972, -0.094181, -1.026352, Clase1
2.116120, -1.199843, -0.895730, -1.140257, Clase1
1.238499, 0.850049, 0.241721, -1.010647, Clase1
0.989174, -1.284802, 0.747829, 0.173361, Clase1
-0.532458, -0.810980, -0.028518, 0.488850, Clase1
0.904902, -1.234930, -0.274340, -0.191010, Clase1
0.923748, 0.693040, -0.619715, 0.783582, Clase1
-0.671436, 0.605380, 0.825121, 0.027288, Clase1
1.554992, -0.473096, -0.376080, 0.121807, Clase1
0.603454, 0.507726, 0.335178, 1.151913, Clase1
1.577359, 0.332220, -0.824324, 0.341313, Clase1
0.548691, 0.264245, 0.087981, 0.714174, Clase1
0.923072, 0.054693, -1.084552, -0.421525, Clase1
1.071014, 0.027244, -0.692100, 0.926401, Clase1
1.051913, 0.420634, 0.009598, 0.618152, Clase1
0.403364, 0.215437, 0.384774, -0.439455, Clase1
0.969092, 0.067620, -1.635852, -0.095342, Clase1
-0.705731, -0.597341, -0.406318, 0.247105, Clase1
1.055134, 0.495290, 0.156392, 0.314648, Clase1
0.515993, 0.960280, 0.804256, 1.206994, Clase1
0.916369, 0.225068, 0.675306, -1.416602, Clase1
0.014294, 0.707861, 0.035095, -0.523130, Clase1
-1.308161, 0.334506, -0.149534, 0.428932, Clase1
-0.111687, 0.248265, 1.607052, -0.528989, Clase1
1.828856, 0.057549, 1.082663, 1.500342, Clase1
1.367184, -0.365327, 0.104775, 0.628672, Clase1
1.679750, 0.762053, 0.401448, 0.266428, Clase1
-0.170717, -0.210768, -0.462384, -0.343473, Clase1
1.561674, -0.344155, -0.402650, -0.604305, Clase1
-0.851289, -0.494579, -0.039823, -0.644001, Clase1
1.479156, 0.932730, 1.206353, -0.910905, Clase1
0.822305, 0.203788, -0.772762, -1.844152, Clase1
1.635355, -1.272237, -0.312720, -0.067763, Clase1
0.828674, -0.331550, -0.343870, 0.043851, Clase1
0.990602, 0.437144, -0.481063, -1.639634, Clase1
1.284455, -0.229258, -0.293235, 0.298720, Clase1
1.144054, -0.561266, 0.761527, 0.314867, Clase1
1.814082, -0.011322, -0.070640, 0.220726, Clase1
0.607212, -0.316507, -0.141161, -0.317170, Clase1
1.425958, -0.205119, 0.783366, 0.738333, Clase1
0.550692, -0.422174, 0.158475, 0.210941, Clase1
1.378781, -0.196110, -0.540386, -0.629372, Clase1
0.181587, 1.050241, 0.008709, 0.803327, Clase1
0.444154, -0.277102, 0.611997, -0.454424, Clase1
1.045332, 0.760416, 0.295864, -0.391945, Clase1
1.826778, 1.507124, -0.850178, 1.000185, Clase1
0.348175, 0.363790, -0.316874, 0.155256, Clase1
-0.206579, -1.072532, -0.597937, 1.048075, Clase1
2.805219, -0.302597, 1.484661, 1.544785, Clase1
1.274046, 1.287704, 0.051068, 0.059483, Clase1
1.053636, -1.165336, -1.609093, 0.409666, Clase1
1.168090, -0.074493, 0.505906, -0.220097, Clase1
2.488290, -0.123490, -0.216765, -0.044613, Clase1
2.016903, 1.170543, 0.468358, 0.704776, Clase1
1.921882, -0.719499, -0.412036, -0.086796, Clase1
0.441209, -0.520285, 0.066881, 0.011858, Clase1
0.521557, -0.148664, 0.507198, 1.910312, Clase1
1.744529, 1.570470, -0.472865, 0.882279, Clase1
0.941658, 0.687203, 0.435034, -0.533664, Clase1
1.223185, 0.015642, 0.862939, 1.191127, Clase1
1.466644, -0.046259, -0.729839, -0.088425, Clase1
2.027379, -0.412839, -0.221423, 1.129959, Clase1
1.019146, 0.779973, 0.991897, -0.654746, Clase1
1.099251, -0.153032, 0.199974, 0.054176, Clase1
-1.078750, 0.160274, 0.969390, -0.075351, Clase1
1.523771, -0.687299, -0.337574, -0.165715, Clase1
-0.796445, -0.539442, 1.494971, -0.964234, Clase1
2.387473, -0.187873, -0.077944, 0.453807, Clase1
2.202027, 0.074359, -0.346720, -0.056316, Clase1
-0.332238, -0.784405, 0.095298, 0.241067, Clase1
0.285152, -0.556534, 0.627782, -0.271456, Clase1
1.242232, -0.593072, -0.343644, -0.374603, Clase1
0.592468, 0.174510, 0.275276, -0.294190, Clase1
1.389583, 1.301122, -0.486219, 1.399891, Clase1
3.026766, 0.561784, 0.215564, 0.111654, Clase1
0.639672, 0.077770, 0.686809, 1.586513, Clase1
-1.057173, 1.556470, 0.841462, 0.872274, Clase1
0.008056, -0.191159, -0.292229, 0.769174, Clase1
0.662298, 0.678154, 0.801800, 0.049996, Clase1
1.446987, -0.283595, 0.602571, 0.072572, Clase1
1.761548, -0.738546, -0.832886, 1.242355, Clase1
1.073695, 1.282037, 0.150727, 0.328311, Clase1
0.368701, 1.142032, -0.457725, -1.635613, Clase1
-0.074258, 0.045235, 0.568450, 0.135371, Clase1
1.729521, 0.886308, 0.296724, 0.423809, Clase1
0.828678, -0.677030, -1.245444, -0.153526, Clase1
1.050387, 0.904683, 1.130615, -0.694405, Clase1
0.234662, -1.662916, 0.587818, 0.866258, Clase1
1.287978, 0.484155, 0.521840, -0.325105, Clase1
1.989652, -0.349357, -1.280067, -0.818947, Clase1
0.886109, 0.252346, 0.270528, 0.249325, Clase1
1.921754, -1.864166, -0.720119, 0.616928, Clase1
1.377478, 0.874330, 0.525558, 0.629371, Clase1
1.352165, 0.047867, -0.476932, 0.318488, Clase1
0.579779, -0.017515, 0.197620, -0.453274, Clase1
1.755409, 0.225194, -0.330466, 0.680733, Clase1
-0.267328, 0.267024, 0.271352, 2.175898, Clase1
0.479902, 0.005829, -1.666510, 0.713452, Clase1
2.799871, 1.094240, -0.307353, -0.316684, Clase1
0.493163, -0.489495, 0.564291, -0.975045, Clase1
2.548087, -0.031093, 0.106017, -1.034994, Clase1
-0.168377, 0.985411, -0.366134, 0.240794, Clase1
0.995542, 0.651182, -0.919264, 0.266940, Clase1
1.605348, -0.180805, -0.220329, 1.099188, Clase1
0.890933, -0.731507, 0.013485, 0.260023, Clase1
0.390155, 0.124111, -0.294392, 1.028359, Clase1
0.284705, 0.838553, -0.845993, -0.265911, Clase1
0.947330, -0.721167, -0.720460, 0.594480, Clase1
1.130430, -1.268159, -0.365817, -0.827235, Clase1
0.384265, 0.689616, -0.468540, 0.203133, Clase1
2.020895, 0.263193, 1.066304, 0.482545, Clase1
0.003530, 0.261369, 0.439492, 0.046907, Clase1
1.230400, 0.386192, 0.072921, 1.369884, Clase1
1.716453, 0.136817, 0.580104, 1.097137, Clase1
0.290952, -0.026266, -0.377045, -0.446486, Clase1
1.927161, 0.408736, -0.143796, 0.895941, Clase1
1.331035, 0.596406, 0.982227, 0.044209, Clase1
1.737103, -0.910424, 0.364395, -0.956333, Clase1
2.124545, -0.647828, 1.298369, 0.910181, Clase1
0.585563, -0.218849, 0.330697, -1.485613, Clase1
0.292659, -0.884909, -0.969076, -0.161844, Clase1
0.992368, 0.402498, -0.087438, -1.114601, Clase1
0.511922, 0.001105, 0.619493, -0.135045, Clase1
0.203125, 0.835678, 0.422515, 0.013859, Clase1
-0.452943, 0.109777, -0.968517, 0.094691, Clase1
1.596624, 0.482180, 0.402222, 0.265644, Clase1
0.770928, -0.673043, -0.022074, -2.495504, Clase1
1.861388, -0.679094, -1.212121, 0.610978, Clase1
-0.367571, 0.524146, -0.408988, 0.377584, Clase1
0.416413, 0.359489, -0.032980, 0.970148, Clase1
0.372791, -0.585242, 0.704094, -0.670178, Clase1
-0.101959, -0.424448, -1.039846, -0.103522, Clase1
1.064242, -0.492251, 0.330864, 0.769596, Clase1
0.558714, 1.267485, -0.467871, -1.307215, Clase1
0.399299, -0.457396, 0.056250, 0.340114, Clase1
0.663013, 0.207277, 0.288742, 0.492937, Clase1
0.411156, 0.002917, 0.840562, -1.358415, Clase1
1.070421, -0.390311, -0.290150, -0.627974, Clase1
1.169551, 0.312326, -0.274555, -0.630869, Clase1
1.034532, -1.017417, 0.059825, 0.093216, Clase1
3.640419, 0.362856, 0.301647, 0.744053, Clase1
-0.139461, 0.247468, 0.216182, 0.122108, Clase1
1.849228, 0.439056, 0.284510, -0.989752, Clase1
2.477060, 1.853908, -1.137708, 0.584537, Clase1
1.847424, 0.001588, 0.442449, 0.248976, Clase1
1.304926, -1.715025, 0.540599, -0.499515, Clase1
0.846462, -0.418282, 1.725832, 0.685438, Clase1
-0.940031, 0.700295, -0.473942, -0.104075, Clase0
-1.258331, -0.163277, -0.563749, 1.348055, Clase0
-2.215568, 0.396013, -0.109414, -0.253939, Clase0
-1.704222, 0.702569, 0.057845, 0.456782, Clase0
-0.976051, 0.410652, -1.194586, 0.437807, Clase0
-0.860333, -0.029181, 0.582410, 0.636548, Clase0
-1.997081, 0.487821, 0.708606, 0.732839, Clase0
-0.825737, -0.883285, 0.694765, -0.049718, Clase0
-0.208938, -0.998796, 0.507206, 0.479077, Clase0
-1.090445, -0.874500, -0.670927, -0.431859, Clase0
-1.154448, 0.282738, -1.121362, 1.376301, Clase0
-1.472423, 1.808945, 0.138036, -0.146207, Clase0
0.021763, 0.743462, -0.707393, 0.666425, Clase0
-1.011267, -1.581120, -0.154019, 1.258888, Clase0
-1.174735, -0.367742, -1.009461, 1.287524, Clase0
-0.506391, -0.476215, -0.639796, -0.519742, Clase0
-1.005176, 0.736600, -0.027560, -0.290410, Clase0
-1.458501, 0.647372, 0.384270, -0.596181, Clase0
-0.192434, 0.076028, -0.536537, 1.912768, Clase0
-1.326347, -0.307397, 0.984398, -0.281712, Clase0
-0.219061, 0.315024, 0.902025, -1.185784, Clase0
-0.219787, -0.083385, -0.061976, 0.104945, Clase0
-0.581579, 0.085390, 0.980527, -0.246229, Clase0
-1.286620, -0.264095, 0.862561, -0.005785, Clase0
-1.367450, 1.147498, 0.157530, 0.559975, Clase0
-0.475764, -0.744017, -0.142427, -1.245546, Clase0
-1.676039, -1.423483, -0.590416, -0.056509, Clase0
-0.128060, -0.205479, 0.212715, -0.788629, Clase0
-0.206634, 0.265741, 0.187944, 0.232442, Clase0
-0.200400, -0.590042, 0.423841, -0.062779, Clase0
-0.650878, -0.002655, -0.257763, -0.767209, Clase0
-1.231987, -0.006385, -1.069847, -1.044721, Clase0
-1.742474, 0.576535, -1.249689, -0.042006, Clase0
-2.023109, 0.249236, 0.387401, 0.119259, Clase0
1.130538, -1.134671, 0.187541, 0.065275, Clase0
-1.056231, 0.236629, 0.955790, 0.730092, Clase0
-0.277349, -0.604921, 0.164808, 0.324889, Clase0
-1.497747, 1.384945, 0.519367, -0.259703, Clase0
-0.777547, -0.680730, 0.689421, -1.099768, Clase0
-1.610522, 1.020074, -1.659456, 1.210987, Clase0
-0.384809, -0.656993, -0.445898, 1.403531, Clase0
0.246940, 0.329665, 0.149430, 0.102768, Clase0
-1.915068, 0.522603, -0.490948, -0.313246, Clase0
0.191735, -1.410399, 0.611119, 0.020907, Clase0
-0.317801, 0.042779, 1.122186, -1.407370, Clase0
-0.111216, 1.476027, 0.731316, 0.607882, Clase0
-0.603348, 0.787132, -0.341686, -0.474565, Clase0
0.126304, -1.890564, -0.207967, 0.181650, Clase0
-0.256973, 1.301849, -0.410838, 0.256033, Clase0
-0.066420, 0.158056, 0.257586, -0.297967, Clase0
-2.264645, 0.661665, 0.357590, -0.260624, Clase0
-1.656376, -0.672503, -1.034513, 0.038911, Clase0
-0.789151, -0.497428, 1.041264, 0.416377, Clase0
-1.927461, 1.137868, 0.634460, 0.703159, Clase0
-0.153646, 0.314884, 0.301155, -0.464958, Clase0
-2.047145, 0.324953, -0.219313, -0.227664, Clase0
-0.161226, 0.001298, -0.947866, 1.355426, Clase0
0.179415, 0.859308, -0.606056, 1.407161, Clase0
-0.378811, 0.220479, -0.764796, -0.336923, Clase0
-2.206038, 0.451820, -0.135286, -0.237713, Clase0
-1.430741, -0.392903, -0.866846, -0.044037, Clase0
-0.736065, -0.566236, -0.601457, 0.058438, Clase0
-1.430782, -0.391361, -0.348519, 1.246305, Clase0
-1.384569, -1.033613, 0.454519, 0.438781, Clase0
-1.657379, 0.351320, -0.229926, -0.560545, Clase0
-2.045930, 1.566779, 0.069680, -0.739465, Clase0
-0.636174, -0.375960, 1.324153, -0.215431, Clase0
-2.626065, 0.248921, 0.378488, 0.191311, Clase0
0.347883, -0.240929, -0.584618, 1.310888, Clase0
-0.926250, -0.964236, 1.101501, 0.018673, Clase0
-0.409420, 0.116844, 0.492391, -1.190226, Clase0
-2.160168, -1.637092, 0.880166, 0.358186, Clase0
-0.662109, -0.066483, -0.708587, -0.068644, Clase0
-1.013603, -0.812038, -1.434092, 0.083915, Clase0
-1.387181, 0.941406, 0.250227, -0.814351, Clase0
-1.129949, -0.581411, 0.822537, 0.027058, Clase0
-1.227262, 0.461074, -1.152317, 0.273764, Clase0
-1.396297, 0.838809, 0.738341, 0.077021, Clase0
-0.862439, -0.038841, 0.023256, 0.582501, Clase0
-0.007916, 1.083768, 0.908806, -1.026417, Clase0
-1.094145, -0.340124, 0.342247, -0.844708, Clase0
-1.478965, -1.340029, 0.116088, -0.657127, Clase0
0.542526, 0.622576, -0.120963, 1.900268, Clase0
-1.002365, 0.219896, 1.102922, -0.111657, Clase0
-0.056677, 0.574232, -1.015764, 0.350933, Clase0
-1.360776, -0.552883, 1.389987, -0.855723, Clase0
0.303830, -0.422886, 0.487390, 0.581393, Clase0
0.011450, 1.013565, 0.189409, -0.373203, Clase0
-0.843293, -1.043439, -0.465098, 0.088496, Clase0
-0.596654, -0.259180, -1.385090, 1.295487, Clase0
-1.129632, -0.604871, -0.389302, -0.206963, Clase0
-0.254470, 0.133248, -0.000844, -1.552548, Clase0
-1.443756, -0.473863, -0.530107, -0.096817, Clase0
0.150879, -0.895589, 0.198223, -0.704705, Clase0
-1.009366, 0.151445, -0.330239, 0.760432, Clase0
-0.932728, 1.031393, 0.361702, 1.077988, Clase0
0.172113, -0.754950, 0.043927, 0.322316, Clase0
-0.849735, 0.315317, 0.543752, -0.432381, Clase0
-0.699461, 2.840778, 0.344875, -0.837096, Clase0
-0.907364, 0.385467, 0.180155, -0.170152, Clase0
0.402807, 0.401780, 1.278746, -1.040038, Clase0
-1.160462, 0.596706, -1.251809, -0.890839, Clase0
-1.739296, 0.633714, -1.212869, 0.357694, Clase0
-2.155584, 0.672789, -0.217210, -0.010764, Clase0
-0.781805, 0.001103, -0.666903, 0.243276, Clase0
-1.367762, 0.098191, 0.372672, 0.074327, Clase0
-2.613408, -0.520499, -0.608561, 0.467514, Clase0
-0.483456, 1.199161, 0.380562, 0.901536, Clase0
-1.236562, 0.483499, 0.531536, 0.301340, Clase0
-1.889354, -0.210514, 0.103875, 0.350949, Clase0
-0.627542, 0.525693, -0.100726, -0.416055, Clase0
-1.123779, -0.211986, 0.621430, 0.243783, Clase0
-1.395977, 1.148364, 1.782225, -0.954071, Clase0
-0.770662, 0.127013, 0.524252, -0.607955, Clase0
-0.607144, -0.169313, -1.087938, 0.410334, Clase0
-0.133512, -0.988482, -0.750297, 0.947052, Clase0
-2.074984, 1.393255, -0.864507, 1.005213, Clase0
-2.405642, -1.267108, 0.509466, -0.625332, Clase0
-0.461839, -0.372807, 1.766289, -0.414286, Clase0
-1.032456, 0.669890, 0.456797, -0.154567, Clase0
-1.482466, 0.227289, -0.057824, 0.135095, Clase0
0.010930, 2.155643, 0.185544, -0.084872, Clase0
-2.778741, -0.737434, -0.418826, -0.638218, Clase0
-1.292136, -0.058839, -0.404651, -0.222254, Clase0
-0.589745, -1.006568, 0.417754, -0.134845, Clase0
-0.912544, 0.201289, 0.548592, 1.438866, Clase0
-0.198917, 0.568071, 0.349558, -0.108880, Clase0
-2.003961, -0.065463, 0.121513, 0.457365, Clase0
-1.743235, -0.562506, 0.047246, 0.626256, Clase0
-0.948197, -1.880268, 0.023958, 0.980922, Clase0
-0.983872, 0.759159, -0.130937, 0.000504, Clase0
-1.300298, -1.795004, 0.468211, 0.608261, Clase0
-0.480099, 1.004932, -0.932510, 0.704533, Clase0
0.129240, -0.091021, -0.738119, -0.377219, Clase0
-0.459112, -0.219601, 1.386993, 1.131765, Clase0
-0.620787, -0.138758, 0.136678, 0.653756, Clase0
-1.016775, -0.310120, 0.168092, 0.048146, Clase0
-0.197059, -0.876629, -0.385984, 0.126423, Clase0
-1.940860, -1.169153, 0.652147, -1.088937, Clase0
-0.483927, -0.041668, 0.557439, -0.495142, Clase0
0.262905, -0.483876, 0.595027, -1.207636, Clase0
-0.254111, -0.303614, 0.369416, 0.345205, Clase0
-0.727917, 0.255978, -0.696317, 0.436009, Clase0
-1.178244, -0.813321, 0.265728, 0.407752, Clase0
-1.918935, 0.169157, 1.100319, -0.237802, Clase0
-0.882255, 0.211599, 0.338786, -0.665093, Clase0
0.041181, 1.409082, 0.658655, 0.178243, Clase0
-0.705451, -1.198470, 0.680430, 1.028010, Clase0
-0.388703, 0.599202, 0.006393, -1.040284, Clase0
-0.383933, -0.518666, -2.154573, -0.028926, Clase0
-0.343719, 0.171095, 0.010024, 0.084165, Clase0
-1.212201, -0.165966, -0.147730, 0.116331, Clase0
-1.022868, -0.462385, -0.686240, -1.050928, Clase0
-0.456030, -1.574485, 0.076082, 0.548544, Clase0
-1.486622, -0.071218, 0.421539, 0.442886, Clase0
-0.623311, -0.744351, 0.161737, -0.787399, Clase0
-2.711729, 0.942692, 0.779562, -0.800403, Clase0
-1.455383, -0.971519, -1.223681, -0.540216, Clase0
-1.795426, 0.806595, -0.170069, 0.677261, Clase0
-1.160887, -0.571106, 0.266902, 1.803747, Clase0
-0.681223, -0.209880, 0.078058, 0.495215, Clase0
0.667031, 0.138756, -0.024955, 0.272405, Clase0
-0.408230, 0.310882, 0.712368, -0.333469, Clase0
-2.515824, -0.285765, -0.119965, 0.825911, Clase0
-1.232015, 0.060982, 0.442041, -2.322433, Clase0
-1.471094, -0.059018, -0.141479, -0.297741, Clase0
-1.487600, 0.092961, 0.166299, 0.234616, Clase0
-1.143049, -1.024353, -0.097027, 0.663105, Clase0
-1.206182, 0.807034, 0.884091, -1.090102, Clase0
-1.092747, 0.774601, 0.912300, -0.190914, Clase0
0.301098, 0.878010, -0.266989, -0.656473, Clase0
-0.702601, 0.331033, -0.791989, -0.099921, Clase0
-2.225929, -0.600393, 0.333120, -0.469268, Clase0
-0.220476, 1.169504, -0.946693, -0.457012, Clase0
-0.236187, 0.310404, -0.681757, 1.330036, Clase0
-0.125481, -0.527744, 1.381435, -0.882989, Clase0
0.424555, 0.968592, -0.328524, 0.403598, Clase0
-1.791893, 0.511141, -0.204283, -1.034652, Clase0
-1.941307, 0.626215, 1.292111, -1.680863, Clase0
0.073337, 1.376618, -0.084055, -0.678004, Clase0
-0.811860, 1.036776, 0.325075, -1.132747, Clase0
-2.306065, -1.239519, -1.233979, 1.040903, Clase0
-0.907262, 0.358773, 0.067534, 1.058008, Clase0
-0.406083, 1.023309, -0.557442, -0.592532, Clase0
-0.859999, -0.056470, 0.776856, -0.972236, Clase0
-0.557509, 0.590959, 0.213709, 0.559268, Clase0
-0.510405, 0.739045, -0.302593, -0.857475, Clase0
-0.924838, 0.149264, 0.583975, -1.279515, Clase0
-1.193518, -0.640977, -0.972383, 0.749752, Clase0
-1.093723, -1.475162, 0.667836, 1.176519, Clase0
-2.192714, -0.695446, 0.758275, 0.545355, Clase0
-0.004741, 1.093134, 0.139446, 0.052035, Clase0
0.147749, 0.978224, -0.045150, -0.759302, Clase0
-0.735189, 0.137028, 0.553621, -0.654176, Clase0
-2.324470, 1.261963, 0.692377, -1.227554, Clase0
-0.850155, 0.964180, 0.048086, -0.203493, Clase0
-0.850387, 0.624820, 0.183048, 0.299429, Clase0
0.208418, 0.425740, 0.300400, -0.500006, Clase0
0.086655, 0.151528, -0.658187, -0.193005, Clase0
-2.107559, 0.190936, -0.135716, 0.741224, Clase0
-1.566908, -0.651052, -1.177145, -1.011441, Clase0
-0.136644, -0.039866, -0.088997, 0.908931, Clase0
-1.361971, 0.596382, 1.056074, 0.098502, Clase0
-0.433150, 0.319087, -1.152624, -0.457069, Clase0
0.089954, 0.560367, -0.190675, 0.463666, Clase0
-0.008790, -1.379440, 0.121856, -1.247890, Clase0
-0.160886, -0.038805, 0.695159, -0.259981, Clase0
-0.251477, -0.359768, 0.644106, 0.099795, Clase0
-0.525041, 0.057788, -1.198139, -1.965160, Clase0
-1.493773, -1.372155, 0.122274, -1.712966, Clase0
-0.629931, -0.269275, -0.236335, 0.913509, Clase0
0.017860, -0.415706, 0.656490, -1.857321, Clase0
-1.279734, -0.630131, -1.053727, 0.452222, Clase0
-1.033499, 0.409383, 0.889626, 0.867775, Clase0
-1.354003, 0.203846, 0.206603, 1.058843, Clase0
-1.440382, -1.083122, -0.756667, -0.392503, Clase0
-0.246433, 0.330788, -0.083028, 0.348444, Clase0
-0.983370, -1.254306, -0.641760, -0.548877, Clase0
-0.390777, -0.783983, 0.812442, 0.674305, Clase0
-1.198424, 0.759102, 1.804199, -0.189606, Clase0
-0.230768, 0.607369, -0.928585, 0.085137, Clase0
-0.754247, 0.238104, 1.470839, 0.667971, Clase0
-1.289794, 0.758104, 1.190828, 0.850348, Clase0
0.359035, -0.208099, -1.244289, 0.663648, Clase0
-0.990311, 0.931000, -1.456320, -1.619943, Clase0
-1.216603, 0.784479, -0.375272, -1.124518, Clase0
-1.849721, -1.396651, -0.131476, -0.564465, Clase0
0.302922, -0.407267, 0.392823, -0.108422, Clase0
-2.122596, 0.062684, 1.099512, 0.020983, Clase0
-1.537191, -0.622675, 0.933897, 0.634222, Clase0
-1.414523, 0.342506, 0.582620, 1.252795, Clase0
-1.113062, -0.095375, 0.185507, 0.369563, Clase0
-0.123511, -0.956899, -0.154903, 1.478190, Clase0
-0.315750, 0.534760, 1.044451, 0.274870, Clase0
-1.560313, 0.232187, 0.300201, 1.816881, Clase0
-1.432714, 0.734390, 0.613607, -0.420770, Clase0
-1.274983, 0.160521, 0.247438, -0.226267, Clase0
-0.503429, 1.811007, -1.346655, 1.446390, Clase0
-0.602604, -0.608410, -0.168665, -0.390022, Clase0
-0.220827, -0.122727, -0.296295, 0.687101, Clase0
0.539282, -1.848079, -0.054385, -0.905446, Clase0
-1.113829, 0.776671, -1.328398, 0.385429, Clase0
0.101808, 1.059693, 0.911762, 0.717905, Clase0
-0.974694, 0.113601, -0.709245, 0.048145, Clase0
-0.785753, -1.059317, 0.436752, 0.147354, Clase0
-1.814914, 0.868970, -1.311230, -1.241246, Clase0
-1.115944, -0.120845, 1.253003, -0.034123, Clase0
-1.136299, -0.849351, -1.547043, 0.468754, Clase0
-0.566478, 0.341580, -0.901194, 1.187523, Clase0
-1.730030, -0.809929, -0.209893, -0.309419, Clase0
-2.663118, 0.350236, 0.422969, 0.277187, Clase0
-0.560963, -0.330722, 0.493112, 2.037350, Clase0
-0.249594, -0.538149, 0.020351, -0.187009, Clase0
-1.361929, -0.473496, -0.557798, 0.025865, Clase0
-0.479125, 0.040894, -0.397539, -1.225442, Clase0
-0.156518, -0.614602, -0.422522, 0.795132, Clase0
-1.361335, 0.022048, 0.182062, -0.579702, Clase0
-1.558849, -0.359184, -0.155093, -0.439091, Clase0
-0.766839, 1.093861, 0.326495, 0.087720, Clase0
-0.466629, -0.045519, -0.641103, -1.143486, Clase0
-0.089690, -1.352164, -0.418945, -0.424768, Clase0
-0.912513, -0.066684, 0.878483, -0.201435, Clase0
-0.723158, 0.043930, -0.346565, 1.090826, Clase0
-0.758611, -0.798031, 0.153243, 0.842797, Clase0
-0.114718, -1.040645, -0.094990, 0.047808, Clase0
-1.772035, -2.019906, 1.381408, 0.409353, Clase0
-1.390494, -0.164779, -0.286671, -0.824885, Clase0
-0.172135, -0.309158, 0.626348, 1.326326, Clase0
-1.040612, 1.304590, -0.020243, 0.978271, Clase0
-0.856757, -0.301919, -1.397520, -0.432413, Clase0
-1.213167, 2.176022, 1.483742, 0.099085, Clase0
-1.356402, -0.049395, 0.939571, 0.752996, Clase0
-0.509406, -0.984018, 0.775574, -0.574923, Clase0
-0.610964, -0.602256, -0.719400, -1.087088, Clase0
-1.225462, -0.596577, -0.804270, -0.538702, Clase0
-1.048134, 0.546677, -0.391004, 0.388272, Clase0
-2.500983, -0.013189, -0.445729, 1.188516, Clase0
-1.535790, 0.492894, -0.855467, 0.373320, Clase0
-1.958713, 0.483430, -0.581111, -0.286066, Clase0
-0.513462, -1.302456, 0.168908, -1.004603, Clase0
-0.518453, 0.059541, -0.522797, 2.538186, Clase0
-0.755762, -0.287363, 0.897782, 0.590369, Clase0
-0.366805, 0.047993, -0.376828, -0.580178, Clase0
-1.237606, -0.109298, -0.702693, 0.356059, Clase0
-1.050358, 1.376593, -0.805172, -0.322682, Clase0
-0.786513, -1.179396, 0.111084, 0.336091, Clase0
-0.746735, -0.973785, 0.734895, 1.749318, Clase0
-1.858115, -1.420368, -1.220080, -0.051002, Clase0
-1.483770, 0.979691, -0.844252, 0.355022, Clase0
-1.497695, 0.739136, -0.175304, 0.291781, Clase0
-0.281334, 1.391307, 0.492156, 0.124261, Clase0
-0.413042, 1.887853, -0.218941, -1.543550, Clase0
-0.454044, -1.354007, 0.510802, 1.255832, Clase0
-0.588877, 0.802521, -0.968044, -0.479740, Clase0
-0.828860, 1.056170, 0.029396, 0.471895, Clase0
-1.250918, 0.245275, -0.632105, 0.184106, Clase0
-1.730776, -1.114931, -0.375073, -1.049223, Clase0
-1.044655, -0.012557, 1.447365, 0.739841, Clase0
-0.783719, 0.613683, -0.472444, 0.412500, Clase0
-0.772889, -1.462404, -0.414045, 1.674765, Clase0
-0.175357, 0.878156, 0.217662, 0.812877, Clase0
-2.415477, -0.580432, 0.085587, -0.086298, Clase0
-1.640442, 0.642445, 1.294376, -1.165283, Clase0
-0.278335, 0.523023, -0.083676, -0.044596, Clase0
-1.145290, 0.158375, -0.984956, -0.272066, Clase0
0.013793, -0.773660, 0.235543, -1.639946, Clase0
-0.633732, 0.570498, 1.066729, 0.179356, Clase0
-0.372721, -0.993728, 0.082039, -0.661082, Clase0
0.277318, -0.614852, 0.621681, 0.533727, Clase0
-0.251037, -0.001559, -0.458090, 0.158970, Clase0
0.045818, 0.249811, -0.054260, 1.025622, Clase0
-1.629936, 0.798663, -1.214434, 0.796872, Clase0
-0.685404, -0.854025, 0.438746, -1.491864, Clase0
-0.694209, -0.124099, 0.202217, 1.246552, Clase0
-1.377660, 0.345088, 0.408493, 0.348977, Clase0
-0.510455, 1.023662, -0.693268, 0.353417, Clase0
-1.224992, 0.524819, 0.676224, 0.549867, Clase0
0.396674, -0.164815, -1.041538, 0.894401, Clase0
-1.356965, 0.711383, 0.233130, -0.973743, Clase0
-1.356596, 0.330669, -1.390510, -0.792982, Clase0
-2.286917, -0.709374, 0.549619, 0.797232, Clase0
-1.637975, -0.900980, -0.179436, 0.644942, Clase0
-0.459335, -0.070070, 0.083035, 0.669278, Clase0
-1.529611, -0.294460, 0.149587, -0.024535, Clase0
-0.681457, 0.478127, -0.912756, -1.047965, Clase0
-0.899817, 0.055890, -0.910827, 0.005283, Clase0
-1.397351, 0.291311, 0.998154, 0.056151, Clase0
-0.679787, 0.490191, -1.382831, -0.795426, Clase0
-1.304173, -0.181581, 0.247338, -0.638508, Clase0
0.466145, 0.085959, 0.330062, -0.759077, Clase0
0.243442, 0.680929, -0.837936, 0.044990, Clase0
-0.487523, 0.329249, -0.027657, -0.106092, Clase0
-0.967794, -0.196668, 0.361691, -0.073890, Clase0
-0.522892, 0.804537, 0.087182, 0.648987, Clase0
-0.079001, -0.565440, 0.801207, 2.119777, Clase0
-1.169612, -0.032707, 0.466371, 0.068466, Clase0
-1.746665, 0.418236, -0.488751, -0.928250, Clase0
-0.994145, -0.062198, 1.367415, -0.938018, Clase0
-0.481256, 0.651805, -0.437774, -0.248440, Clase0
-1.103057, -2.216238, -1.933403, -0.313953, Clase0
-0.461718, 0.674253, 0.279039, -0.490917, Clase0
-0.602881, 0.606328, 0.298878, 1.269666, Clase0
-1.280332, 1.061307, 0.054888, 0.398570, Clase0
-0.798567, 0.038329, -0.435898, -0.712536, Clase0
-1.663641, -0.125436, -0.233551, 0.863604, Clase0
-2.161025, -0.218882, 0.800329, -0.660795, Clase0
-0.986681, -0.139131, -0.969001, 0.123374, Clase0
-1.615876, -0.496802, 0.730918, -1.076005, Clase0
-0.137402, -0.510577, -0.052215, -1.125077, Clase0
-0.428826, -0.296057, 1.295765, -0.313042, Clase0
-1.747639, 0.501175, -1.160714, -0.539350, Clase0
-0.837503, 0.942676, -0.303618, 0.463022, Clase0
-0.672501, -0.300284, -1.408097, 0.042624, Clase0
-0.716762, -0.895980, 0.334967, 1.232206, Clase0
-2.668047, 0.352135, 1.239872, 1.775264, Clase0
0.042713, 1.067516, -1.302602, 0.681033, Clase0
-1.433220, 0.389544, 0.020832, 0.293727, Clase0
-2.081880, -0.770591, 0.557427, -0.213221, Clase0
-0.441835, 0.681108, 0.320845, 0.409298, Clase0
-0.129660, 0.581242, 0.023915, -0.355224, Clase0
-0.810406, 0.521684, 0.282021, -1.239967, Clase0
-1.997649, 1.344961, -0.227815, -0.704976, Clase0
-1.464841, -1.688908, -0.693463, -0.612169, Clase0
-1.411350, -1.364573, 1.007289, 0.750225, Clase0
0.532445, -0.829159, 1.085779, -0.157891, Clase0
-1.447656, 0.742580, 0.293827, -0.740053, Clase0
-0.415176, 0.278988, 0.017807, 0.765255, Clase0
-2.107066, -0.323849, 0.596079, 0.521642, Clase0
-0.150215, -0.653287, -0.389047, 1.339198, Clase0
0.431984, 0.846385, -0.297823, -2.279875, Clase0
-0.559281, 0.644425, -0.212571, 0.686323, Clase0
-2.499746, 0.048818, -1.000969, 0.550412, Clase0
-1.516261, -1.311129, -0.870365, 1.502288, Clase0
-2.333458, 1.360651, 0.005457, 1.055522, Clase0
-0.549216, 0.233310, -0.807034, -0.698368, Clase0
-0.814174, 0.790086, 0.404016, -0.471563, Clase0
-0.379423, 0.348935, 0.138637, 0.254140, Clase0
-1.547785, -0.664861, -0.033266, 1.722659, Clase0
-2.850130, -0.192793, 0.710143, 0.361014, Clase0
-1.169552, 0.652297, -0.700819, -0.316277, Clase0
-2.059800, 1.327308, -0.274335, 0.416406, Clase0
-0.398743, 0.046270, -0.233740, -0.336320, Clase0
-0.168852, -0.455038, -1.085217, -0.589691, Clase0
-1.933050, 1.712257, -0.036924, -0.732596, Clase0
-1.831945, 0.956064, -0.142502, -0.045531, Clase0
-2.122583, 0.518022, -0.358406, 0.569416, Clase0
-0.992347, -0.726205, 0.661348, 0.646355, Clase0
-2.192053, 0.741854, -1.337173, 0.301111, Clase0
-1.482536, 0.074742, -0.670210, 0.674085, Clase0
-0.934470, 1.091805, -0.496131, 0.327958, Clase0
-1.242389, 0.053127, 0.731416, 0.656889, Clase0
-1.792832, 0.562548, -0.446258, 1.370849, Clase0
-2.373808, 0.492212, -0.165267, 0.385970, Clase0
-2.356219, 2.068704, -1.228917, -0.680966, Clase0
-1.672135, 0.021947, -0.226155, 1.470465, Clase0
-1.833302, 0.231122, 1.588973, 0.195540, Clase0
0.254558, 0.492969, -0.670923, -1.000559, Clase0
-1.470766, 0.682010, -0.047981, 1.084655, Clase0
-1.037362, 1.049478, 0.392894, 0.758896, Clase0
-0.372184, -0.997745, 0.662691, 0.193004, Clase0
-2.575129, 0.447864, -0.214361, 0.537383, Clase0
-2.186223, 0.073977, 0.558206, -1.530626, Clase0
0.480615, 0.019737, 1.198086, -0.356821, Clase0
-0.976740, -0.592292, -1.217117, 0.380138, Clase0
-0.266617, 0.323572, -0.656213, -0.030409, Clase0
-0.715520, -0.152798, 0.330389, 0.491683, Clase0
-1.463623, 1.908248, -0.430119, -1.081452, Clase0
-1.420088, 0.012965, -0.561641, 1.088819, Clase0
1.252353, 0.038104, 0.682530, -0.279276, Clase0
0.846543, -0.525601, -0.121246, 1.006873, Clase0
-0.591130, 0.213247, -1.007258, 0.643534, Clase0
-1.547865, -1.326226, -0.590001, -1.187833, Clase0
-2.116619, -1.420740, 0.343558, 1.043418, Clase0
-0.790734, -1.189204, -0.685330, 1.476390, Clase0
0.145631, -1.442312, -0.700364, -0.147298, Clase0
-0.734390, -0.099479, 0.101849, -0.666206, Clase0
0.075899, 0.270916, -0.040126, 0.287049, Clase0
-0.397402, 0.714847, 0.315028, -0.637674, Clase0
-1.990429, 0.207533, -0.084030, 0.186801, Clase0
-1.304329, -1.252262, -0.489509, 1.208186, Clase0
0.340841, -0.658063, 0.363149, -0.650605, Clase0
0.302697, 0.195870, 0.460355, 0.425728, Clase0
-1.248974, 0.353723, -1.112061, 0.112610, Clase0
-1.987240, 0.363981, -0.022419, -1.332203, Clase0
-0.496348, -0.733145, 0.938616, 0.443298, Clase0
-0.540287, 0.232572, 0.806222, 0.199016, Clase0
-0.006301, 0.518002, -0.769066, -1.431615, Clase0
-0.354484, -0.478975, 1.187363, -1.966792, Clase0
-1.363915, 0.206412, 0.515086, 1.089252, Clase0
-1.075715, 0.815966, -0.531903, 0.033798, Clase0
-0.709719, 1.425512, -0.383790, -0.332784, Clase0
-0.804689, -0.793643, 0.465072, -0.253649, Clase0
-1.567342, -0.162500, 1.660157, 0.183432, Clase0
-1.265071, -0.566852, 0.488424, -0.137412, Clase0
-1.028192, -0.261179, 0.136951, -0.561551, Clase0
-0.393042, -0.112125, 0.292636, -1.579766, Clase0
-1.470453, 1.174204, 0.333817, 0.883907, Clase0
-1.194742, 0.403105, 0.331719, -0.328049, Clase0
-1.051989, -0.211268, -1.523201, 0.112790, Clase0
-0.656152, -0.542495, 0.441381, 0.345326, Clase0
0.360420, -0.527842, -0.881897, -0.244140, Clase0
-1.223530, -1.331381, -0.408718, 0.865094, Clase0
-2.008955, 1.130379, -0.419405, 0.076440, Clase0
-1.293072, 1.034476, 0.630871, 0.187771, Clase0
-0.601834, 0.420106, 0.079676, 0.618388, Clase0
-0.226341, -0.034447, -0.305764, 0.453002, Clase0
-0.753316, 0.925392, 0.645643, -0.974002, Clase0
-2.394320, 0.388414, -0.953896, 0.993805, Clase0
-1.438470, -0.525964, 0.759713, -0.147251, Clase0
-1.318882, 0.551499, -0.525191, 1.797120, Clase0
-0.172281, -0.228055, -0.372788, -1.163025, Clase0
-0.735113, 0.704256, 0.509053, 0.639874, Clase0
-1.006338, 0.541702, -0.675221, -1.229027, Clase0
-1.171183, -0.439348, 0.004589, -0.165571, Clase0
-0.411249, -0.726427, 0.014966, -0.216879, Clase0
-0.450824, 0.274853, 0.297616, -0.377474, Clase0
-0.445324, 0.389991, 0.532301, 0.861049, Clase0
-2.390114, -1.100950, 0.588611, 1.064661, Clase0
-1.415424, 0.179223, -0.183701, -0.627708, Clase0
-0.973858, -0.468045, 1.093164, -0.412884, Clase0
-1.065806, 0.549118, -0.591412, -0.330514, Clase0
0.104922, -0.388476, 0.294639, -0.800810, Clase0
-1.036465, 0.760458, -0.559070, -0.284176, Clase0
-0.474754, 0.162033, 0.141612, -0.732278, Clase0
-2.486360, -0.074055, 1.655165, 0.492017, Clase0
0.015411, 0.472062, -0.518880, -0.245177, Clase0
-0.746851, 0.212574, -1.143693, 0.418423, Clase0
-1.131772, -0.994060, 1.035161, 0.170935, Clase0
-0.926509, 0.164552, -0.367510, 1.062520, Clase0
-1.370775, -0.050725, 0.482699, -0.049900, Clase0
-0.249808, -0.184623, -0.428620, 0.917060, Clase0
-0.588753, -0.488059, -0.311121, -0.019689, Clase0
-0.107224, 0.395332, -0.414381, 0.756087, Clase0
-1.740622, 0.830009, 0.985753, 0.704127, Clase0
-0.529673, -0.567968, -0.142251, 0.180257, Clase0
-0.221321, -1.160896, 0.664862, 0.714449, Clase0
-1.385370, -0.233499, 0.137166, 0.677563, Clase0
-0.743503, 0.386718, -0.479552, 0.324739, Clase0
-1.121258, 0.469419, -0.179630, 1.225461, Clase0
-0.997508, -0.038735, -1.144490, 0.355228, Clase0
-1.713369, 1.198450, 0.213867, -0.770439, Clase0
-0.121071, 0.547362, 0.267041, 0.773679, Clase0
-0.116689, 0.886231, 0.173351, -0.192091, Clase0
-0.215649, -1.378288, -0.204858, -0.139044, Clase0
-1.869471, -0.548595, -1.795434, 0.272529, Clase0
-1.401452, 0.036333, -1.058114, 0.907975, Clase0
-2.255816, 0.213381, -0.217422, 0.169726, Clase0
-1.370613, -0.915295, -1.164160, 1.353481, Clase0
-1.890101, 0.403278, 1.484358, -0.981405, Clase0
-0.468057, 0.260412, 0.268591, -0.155648, Clase0
-0.068655, 0.353947, 0.725576, -0.713916, Clase0
-1.082541, -0.487836, 0.662954, -0.375683, Clase0
-0.268890, -0.582925, 0.180123, -0.880623, Clase0
-1.725167, -1.162443, -1.626684, -2.174562, Clase0
-0.713074, -0.568258, 0.891419, 0.100488, Clase0
-1.103836, -0.900123, -0.500031, 0.059756, Clase0
-2.475729, 0.362720, -1.314964, -0.584979, Clase0
-0.792456, -0.150864, 0.461113, 0.550654, Clase0
-0.622339, 0.963177, 0.074799, 0.957411, Clase0
-1.904732, -0.671118, -0.881276, 0.965335, Clase0
-1.273642, -1.665100, -1.001229, -0.905944, Clase0
-2.958404, 0.472953, -0.102714, -0.088093, Clase0
-1.092822, 0.106554, 0.983689, 0.750348, Clase0
-0.080226, 0.501091, -0.139573, 0.306710, Clase0
0.710740, 0.038841, -0.401656, -0.006541, Clase0
1.191835, 0.634198, 0.235275, -0.205662, Clase0
-0.090671, 0.506029, -0.755416, 0.424748, Clase0
-1.708629, 1.168265, -0.072129, 0.547506, Clase0
-0.298551, -0.399199, -0.159587, 0.727972, Clase0
-1.720657, -1.093807, 0.492740, 0.042213, Clase0
-1.030950, 0.209219, 1.235839, 0.663109, Clase0
-0.959505, 0.851547, -1.401655, 0.518020, Clase0
-0.151110, -0.550709, -2.350543, 0.847345, Clase0
-0.751376, 0.101679, 0.359396, -0.668533, Clase0
-0.758412, 0.615983, -0.065462, 0.595932, Clase0
-0.785326, 0.075539, 0.595376, -0.308158, Clase0
-1.288980, 0.445852, 1.597572, 0.311094, Clase0
-0.364032, 0.957858, -1.231022, 0.029938, Clase0
-1.631657, -0.400428, -0.738731, -1.433164, Clase0
-1.409839, 0.546631, -0.138483, 1.159861, Clase0
-0.912203, -1.641884, -1.784334, -1.570188, Clase0
-1.536083, 0.490631, -1.210511, -0.773228, Clase0
-0.761724, -1.129091, -0.671608, 1.259560, Clase0
-1.078016, 0.838386, -0.578433, -0.723404, Clase0
-0.420395, -0.817781, -0.176801, 0.368920, Clase0
0.140273, -0.268869, 0.233047, -0.389626, Clase0
-0.423530, -0.178702, 0.801413, -0.553762, Clase0
-0.898390, -0.261395, 1.021278, -0.072034, Clase0
-0.679098, -0.507834, -0.400609, -0.365042, Clase0
-0.729998, -0.618283, -0.048119, -0.578957, Clase0
-0.520489, 0.331564, -0.135391, 0.303465, Clase0
-1.241691, 1.393391, 0.782429, 0.061409, Clase0
-1.364792, 0.606061, 0.484704, 0.327590, Clase0
-0.902629, -0.523250, 0.030788, -0.746009, Clase0
-0.397831, -0.413510, 1.324299, 0.532971, Clase0
-1.356307, 1.377730, -0.080865, 1.199116, Clase0
-1.386833, -0.281852, -0.613692, 1.272069, Clase0
-1.636511, -0.135168, -0.856639, -0.418861, Clase0
0.060122, -0.929043, 0.169968, -0.776290, Clase0
-0.931401, 0.844810, 0.372109, 0.660733, Clase0
-1.620378, 0.073924, -0.817348, -0.386019, Clase0
-0.826067, 1.265504, -0.095816, -0.507154, Clase0
-1.299096, -0.763168, 0.279834, -0.113663, Clase0
-0.025165, 0.811316, -0.771393, 0.138993, Clase0
-0.223329, 0.355837, -0.158268, -0.161427, Clase0
-0.189661, -0.177973, -0.591220, 0.680647, Clase0
-1.095416, -0.838389, 0.423586, -0.434739, Clase0
0.780008, -0.156841, 0.197383, -0.095978, Clase0
-1.759548, -0.367572, 0.488897, 0.243807, Clase0
0.227153, 0.290700, 1.464111, -0.616807, Clase0
-1.977865, 1.084116, -0.103909, -0.340590, Clase0
-0.801521, 0.157560, -0.376085, 0.991662, Clase0
-0.796150, -0.331616, 0.396157, 0.234551, Clase0
-0.767934, 1.091962, -2.008099, -0.062304, Clase0
-2.403033, -0.950678, 0.052182, 0.701869, Clase0
-0.748788, 0.765526, -0.083927, -1.648052, Clase0
-0.449268, 1.146159, -0.461798, 0.306017, Clase0
0.245013, -0.083437, 0.505108, -0.044543, Clase0
-0.902328, -0.091295, 0.137601, -0.583374, Clase0
-1.375202, 0.684280, 0.220962, 0.186748, Clase0
-0.285382, -0.464329, -0.287538, 0.108696, Clase0
-0.965629, -1.312906, -0.132208, 1.156582, Clase0
-0.989329, 0.810092, 0.092662, 0.925663, Clase0
-1.633553, 0.164203, -0.427953, 0.174783, Clase0
-1.598235, 1.254647, 0.856627, 0.640093, Clase0
-1.536756, -1.327545, -0.003890, 0.892914, Clase0
-0.718675, -0.713915, -1.203362, 0.392806, Clase0
-1.420551, 0.013592, 1.161420, 0.957637, Clase0
0.001319, 0.213832, -0.153999, 0.726031, Clase0
-1.751456, -0.125921, 1.431980, 1.184425, Clase0
-0.774864, -0.837701, -0.961534, 0.338423, Clase0
-1.567456, -0.758897, -0.260289, 0.286636, Clase0
-0.911069, -0.557819, 0.545464, 0.011657, Clase0
-1.665412, 0.796348, 0.000088, 0.425795, Clase0
0.018280, 1.005535, 0.180626, -1.224804, Clase0
-1.763437, -0.703749, -0.390494, 0.730263, Clase0
-1.260966, -0.065011, -0.185660, -0.312423, Clase0
-0.599546, -0.418933, 0.334038, -0.072203, Clase0
-1.808371, -0.531266, -0.505711, -0.751048, Clase0
-0.363200, 0.424162, 0.120549, -1.606082, Clase0
-2.076494, 0.244820, 0.629304, -0.813364, Clase0
-2.276328, 1.395719, -0.834607, 0.783881, Clase0
-0.314557, 0.660889, -1.457261, -0.060308, Clase0
-0.970928, -0.878463, 1.072000, 1.042270, Clase0
-0.760916, -1.237287, 0.929070, -0.614740, Clase0
-2.457011, 0.021040, -0.136605, -0.628767, Clase0
-1.749950, -0.183183, 0.777374, -0.146993, Clase0
-1.088109, -1.016645, -0.002617, 2.025115, Clase0
-1.036954, 0.422500, -0.260402, 0.141186, Clase0
-1.540287, -0.861719, 0.366608, 0.197347, Clase0
-1.091097, 1.301917, 0.535208, 1.492408, Clase0
-2.409788, -0.529182, 0.983292, 0.522299, Clase0
-1.330736, 0.065776, -0.420891, -1.795223, Clase0
-0.968758, -0.269883, 0.227951, 1.181093, Clase0
-0.409975, -0.044130, 0.054918, 0.218291, Clase0
0.353885, 0.329965, 0.692776, 0.729365, Clase0
0.969586, 0.741922, -0.617765, -0.912399, Clase0
-0.666731, 0.907822, -0.209283, 1.662075, Clase0
-1.262705, 0.761003, 0.025880, 0.329062, Clase0
-1.031484, -0.111400, -1.868023, -0.538641, Clase0
-0.988728, 0.484077, 0.932192, -1.161845, Clase0
-0.067023, 0.065331, -0.788251, -1.459771, Clase0
-1.363436, 0.539051, -0.346019, 0.268326, Clase0
-2.042850, -0.388497, 1.232529, 1.510294, Clase0
-1.257299, -1.604180, 0.836642, 0.892793, Clase0
-2.200137, -0.688599, -0.636708, 0.180508, Clase0
-1.957407, 0.039854, 0.060688, -1.121319, Clase0
-0.942426, 0.789335, 0.437841, 0.057425, Clase0
-1.093146, 0.200780, -0.899473, -0.281048, Clase0
-1.182653, -0.656661, 0.256707, 0.534236, Clase0
0.026900, -1.531098, -0.513047, -1.439906, Clase0
-2.775292, 0.324922, 0.517294, 0.387444, Clase0
-0.125591, 0.674539, 0.856258, -0.286219, Clase0
0.381077, -1.147203, 0.565937, 1.329982, Clase0
-0.653632, -1.190194, -1.401901, -1.905095, Clase0
-0.643277, 0.514301, 0.025912, 0.534077, Clase0
-1.260553, 1.200447, -0.500475, -0.299656, Clase0
-1.702649, -0.033570, -0.280715, 0.433004, Clase0
-0.125433, 0.392697, -2.059460, -0.844665, Clase0
-0.516068, 0.512329, 0.452297, -0.006719, Clase0
-0.861923, -0.330021, -0.903786, -0.395358, Clase0
-0.294059, 0.416824, -1.160274, -0.152616, Clase0
-0.700760, 0.229691, 0.361717, -1.271458, Clase0
-1.533687, 0.529031, 0.320531, 0.142475, Clase0
-0.992936, -1.644959, 0.782541, -0.754731, Clase0
-1.438954, 0.156734, 0.391441, 0.765001, Clase0
-1.619012, 0.447187, -0.727032, -0.072346, Clase0
0.321603, 0.441203, 0.036358, -0.505097, Clase0
-0.539253, 0.493132, -0.997173, -1.308442, Clase0
-1.934647, 0.864465, -1.534284, 0.901358, Clase0
-0.275538, -1.522588, 0.931541, 0.549749, Clase0
0.986525, -0.474139, -0.657144, -0.144380, Clase0
-1.063220, 0.602650, 0.388549, -1.078860, Clase0
-2.351427, 0.516387, -0.706732, 1.506622, Clase0
-0.760451, -0.559676, -0.466951, -1.554141, Clase0
-1.258973, -0.719762, 0.171405, -0.664562, Clase0
-0.186055, -0.860027, -0.370456, 0.722026, Clase0
-0.171678, 1.562437, -1.727167, 0.537346, Clase0
-1.310174, 0.309326, 1.650752, -0.504831, Clase0
-0.887788, 0.386932, 1.988560, 0.630422, Clase0
-1.138780, -0.917067, -0.699719, 1.109050, Clase0
-1.148568, 0.627405, -1.289254, -1.315656, Clase0
-1.107074, -0.478155, 0.913577, 0.915339, Clase0
0.314465, -0.963610, -0.098759, -0.315306, Clase0
-1.260688, 0.988891, 0.860620, -0.439724, Clase0
-1.773226, 0.766713, -0.868029, -1.169105, Clase0
-1.213530, 1.130383, -0.613141, 0.880294, Clase0
-1.123481, 0.677888, -0.026149, 1.144354, Clase0
-1.015664, -0.670733, -0.199664, -1.325130, Clase0
-1.536989, -0.411974, -0.237653, 0.486666, Clase0
-0.953429, 0.628969, -1.022733, -0.901728, Clase0
-1.723929, -0.218734, 0.481933, -0.265018, Clase0
-1.379754, 0.901390, 0.690900, 0.369881, Clase0
-0.784977, -0.405256, -0.914995, -0.570151, Clase0
0.184941, -0.926039, 0.051939, -1.351469, Clase0
-0.088389, -0.145548, 0.532743, 0.596179, Clase0
-0.346202, 0.114569, 0.076736, -0.414825, Clase0
-1.935308, 0.564514, 0.072506, -0.324454, Clase0
-0.049775, 0.245763, 0.789531, -0.722846, Clase0
-0.253023, 0.290900, -0.616002, -0.811439, Clase0
-2.502926, -0.183002, 0.290878, -0.430098, Clase0
-0.976186, -0.330611, 0.834249, 0.397147, Clase0
-1.887761, 0.487646, -0.981490, 0.189439, Clase0
-1.442086, -2.829618, 0.144112, -0.858130, Clase0
-0.557910, -0.419960, 0.479987, -0.080910, Clase0
-2.545475, -0.311224, 1.106095, 0.160526, Clase0
0.239635, -0.993842, -0.116511, 0.622079, Clase0
-1.383889, 0.167071, -0.573811, -0.592622, Clase0
-1.267725, 0.335794, -0.222032, -0.761989, Clase0
-1.090377, -0.601480, 0.801939, 0.248057, Clase0
-1.374285, 0.360293, -0.391049, 0.247487, Clase0
-0.970620, -0.482572, 0.737603, -1.285376, Clase0
-0.726705, -0.042524, -0.445615, -0.552185, Clase0
-0.667629, -0.211001, 1.207714, -0.093874, Clase0
-1.383508, -0.788042, -0.159431, 0.551133, Clase0
0.043848, 0.123832, 0.200953, 0.003291, Clase0
-1.645838, 0.497498, 0.284825, 0.664302, Clase0
-0.641269, -0.182651, 0.552436, -0.489758, Clase0
-1.788087, -0.167030, 0.521276, 1.070678, Clase0
-1.177647, 0.949062, 0.734737, -0.415891, Clase0
-1.065308, -0.230416, -0.250128, 1.169435, Clase0
-0.839265, -1.649749, -0.426101, -0.145316, Clase0
-1.138435, -0.032221, -0.850098, 0.056962, Clase0
0.634327, -0.189305, 0.294278, -0.944985, Clase0
0.098653, 0.778591, -0.353750, -0.827121, Clase0
0.217404, -1.194406, 0.735349, -0.322695, Clase0
-0.747568, 0.426648, 0.705867, -0.982339, Clase0
-0.666844, 0.862891, -0.381974, -0.219916, Clase0
-1.228075, -0.289476, 0.887722, 1.221105, Clase0
-0.330284, 0.688963, 0.498902, -1.043299, Clase0
-0.597490, -0.818965, -1.187903, 0.129972, Clase0
-0.086657, -0.588721, 0.159685, -0.313145, Clase0
-2.709195, -0.052057, 0.584538, 0.168952, Clase0
-0.781493, -1.235680, 0.696674, -0.569129, Clase0
-1.592559, 0.484097, -1.001625, 0.078857, Clase0
-0.340337, -0.663439, 0.137909, 0.644089, Clase0
-0.659327, -0.142754, -1.739457, -0.659505, Clase0
-2.110777, -0.388700, -0.340969, 0.090458, Clase0
-0.657282, 1.019982, -0.880612, 0.641035, Clase0
1.220330, 0.446698, 0.658168, 0.425988, Clase0
-1.336572, 0.996065, 1.285735, -0.353053, Clase0
-1.259755, 0.163903, -0.392594, 1.098014, Clase0
-0.907268, -0.432367, -1.177397, -0.071425, Clase0
-0.808643, -1.243317, 0.271119, -1.021304, Clase0
0.037067, 1.824989, -0.304791, 0.191107, Clase0
-2.006469, 0.023674, 0.365528, -0.570568, Clase0
-0.179958, 0.426643, 0.852329, -0.148619, Clase0
-1.465922, 1.216021, 0.556723, 0.664747, Clase0
-0.577751, 0.154462, -0.815718, -0.664485, Clase0
-0.416382, 0.252807, 0.666181, 0.007735, Clase0
-0.175481, -1.255625, 0.061803, 0.648365, Clase0
-0.792701, 0.483183, 0.675295, 1.225728, Clase0
-0.464702, -0.506692, -0.253051, 0.208435, Clase0
-1.756692, -0.210197, -1.152269, 1.734798, Clase0
-0.710535, 0.754820, 0.952114, 0.564913, Clase0
-1.255149, -0.644551, -0.646058, 0.139212, Clase0
0.152177, 0.170029, 1.454160, -0.485930, Clase0
-2.632842, -0.811128, -1.270622, -0.585249, Clase0
-0.834654, -0.126336, 1.818858, -0.231842, Clase0
-1.365983, -0.067832, 0.645978, 0.745749, Clase0
-0.223505, -1.451035, -1.036965, -0.459450, Clase0
-0.898174, -0.149137, -0.016210, -0.925232, Clase0
-0.989471, 0.628994, 0.166687, 0.225284, Clase0
0.044481, -0.773653, -0.181329, 0.439328, Clase0
-0.919933, 0.368458, -0.975358, 0.049439, Clase0
-0.911256, 1.391069, 0.271203, -0.116912, Clase0
-0.699579, 0.164488, -0.523506, 0.889813, Clase0
-1.805641, -0.549721, -0.817540, -0.107598, Clase0
-0.276801, -0.324656, 0.732438, 0.853714, Clase0
-0.679476, -1.403777, 0.901791, 0.473184, Clase0
-1.611873, 0.295075, 0.846830, 2.014497, Clase0
-0.508197, -1.455253, -1.034504, -0.196314, Clase0
-1.517613, 0.328779, -0.587086, -1.130611, Clase0
-1.103375, 0.800501, 0.255865, 0.746396, Clase0
-1.584138, -0.391995, -0.328719, 0.568079, Clase0
-1.318891, -0.860242, 1.077373, 0.817278, Clase0
-0.339592, 0.128540, 0.489056, 0.456458, Clase0
-2.585856, 0.454901, 0.352818, 0.794202, Clase0
-2.205202, 0.407876, 0.249926, 0.151245, Clase0
-1.774402, -0.579232, 0.128492, -0.955368, Clase0
-0.745845, -0.848000, 0.246312, 0.031730, Clase0
-1.907333, 0.393339, -0.297533, 1.351140, Clase0
-0.818081, -0.248059, -0.786330, -0.140761, Clase0
-2.033584, -0.798623, 1.258427, 0.394315, Clase0
0.026669, 1.203105, 0.710467, -0.239433, Clase0
0.078340, 1.017421, 1.290249, 0.027599, Clase0
0.075440, 0.738598, 0.689864, -0.978506, Clase0
-0.162035, 0.301200, -0.766608, -0.142720, Clase0
-0.087859, -1.145082, -0.679545, 1.190952, Clase0
-0.167813, 1.439553, -0.951974, 0.392468, Clase0
-0.609003, -0.199193, -0.209210, -0.046500, Clase0
-0.306941, -0.921670, 0.580595, 0.382109, Clase0
-1.789043, -0.427621, -0.621484, -0.848694, Clase0
-1.350782, 0.225900, -1.068164, -1.221272, Clase0
-0.278183, -0.414299, -0.131365, -0.240171, Clase0
-1.383128, 0.400812, -0.804362, -0.678980, Clase0
-1.723968, -0.760049, 0.720811, -0.366244, Clase0
-2.189908, 0.209498, -0.043326, -0.644847, Clase0
-1.422001, -1.012846, 1.158342, -1.041216, Clase0
-1.172279, -0.408366, -0.897715, -0.047196, Clase0
-1.192114, 1.822303, 1.172160, 0.426075, Clase0
-1.233931, 0.624363, -0.769870, -0.039954, Clase0
-1.142309, 0.481008, 0.299642, 0.242079, Clase0
-1.942901, 1.000566, -0.613344, 0.447510, Clase0
-0.644155, 0.067843, -0.741314, -1.149423, Clase0
-0.708757, 1.047923, 0.041517, -1.219219, Clase0
-0.399954, -1.028234, 0.817816, -0.691067, Clase0
-1.173697, -0.347651, 0.831384, -0.224533, Clase0
-1.641013, -1.239659, -1.173602, 1.046184, Clase0
-0.522347, -1.271094, 0.521415, -0.832188, Clase0
-0.716125, -0.944088, -0.379259, -0.004241, Clase0
-1.377649, 0.169453, 0.286171, 0.414512, Clase0
-2.058897, 0.885118, 0.477514, -0.718489, Clase0
-1.610538, -0.984041, 1.072253, -0.487738, Clase0
-1.301579, -0.737048, 0.225921, 1.242399, Clase0
-1.405716, -0.340428, -1.571965, 0.476413, Clase0
-0.833369, -0.091085, 0.679178, -0.950221, Clase0
-1.874843, -0.477387, -0.303608, -0.444083, Clase0
0.013051, -0.387860, 0.086993, -1.174803, Clase0
-0.708446, 0.646141, 0.288759, 1.574718, Clase0
-1.034091, -1.170072, -0.128594, -0.951169, Clase0
-0.719699, -0.414965, -0.491218, 0.872904, Clase0
-1.058983, -0.536735, 0.727725, 0.599938, Clase0
-1.244638, -1.652902, 0.924941, -0.274151, Clase0
0.199578, -1.800883, 0.242857, -0.477443, Clase0
-1.570089, 0.723329, -0.307243, 0.686163, Clase0
-1.392085, -1.497288, 0.163623, -0.060055, Clase0
-1.880291, 0.593179, 0.087328, 0.593757, Clase0
-2.225271, 0.549710, 1.538941, -0.117010, Clase0
-0.357062, -0.246080, -0.143654, 0.006693, Clase0
-1.332655, -1.437276, 1.372556, 1.119052, Clase0
0.334709, 1.159591, 1.412324, -0.983936, Clase0
-1.073073, 0.969545, -0.109456, -0.529443, Clase0
-0.698115, -0.311025, -1.871611, 0.476644, Clase0
0.223952, 0.569205, -0.255010, 0.029671, Clase0
-1.084671, -0.715917, 0.668993, -0.666007, Clase0
-0.946649, 0.185261, 0.206713, -1.476070, Clase0
-0.491308, -0.455134, -0.111552, 0.001068, Clase0
-1.003790, 0.724954, 1.661428, 0.101099, Clase0
-0.107131, -0.508050, 1.519014, -0.997406, Clase0
-0.354840, 1.223770, 0.262272, 0.320450, Clase0
0.478533, 0.474036, 0.623732, -0.113250, Clase0
-0.733740, 0.331649, 0.267544, -0.522558, Clase0
-0.500130, -1.055534, -0.131580, 1.170436, Clase0
-0.810721, 0.221087, 1.459447, -0.299721, Clase0
-0.703308, -0.333634, -0.571325, 0.698560, Clase0
-2.117165, 0.450479, 0.048643, -0.745930, Clase0
-0.571003, -0.034244, -0.114743, -0.891858, Clase0
0.323116, -1.595664, -0.209803, -0.129444, Clase0
-0.798230, 0.858184, -0.450343, 0.371705, Clase0
0.073424, -0.045522, 0.642849, -0.456821, Clase0
-2.322374, -0.341193, -0.328399, 0.974088, Clase0
-1.416428, -0.264888, -0.166267, -1.361182, Clase0
-0.974526, 0.489423, -0.103981, -0.173351, Clase0
-0.855731, -0.305314, 0.222279, -0.187084, Clase0
-1.059896, -0.040782, 0.116394, 0.557911, Clase0
-2.111163, -0.539448, -0.416511, -1.532422, Clase0
0.050168, 0.016948, 1.833367, -0.877900, Clase0
-0.203076, -0.698203, -0.508388, 0.375669, Clase0
-0.639733, -0.105583, 0.521270, -0.174534, Clase0
-1.078990, -0.487820, -0.785350, -0.717569, Clase0
-1.313948, 0.205358, 0.599538, 0.281909, Clase0
-2.473758, 1.440140, -0.132666, 0.017352, Clase0
-1.317749, 1.183463, 1.082341, -0.335042, Clase0
-1.661740, -0.363857, -1.222891, 0.107123, Clase0
-1.737072, -0.249615, -0.428703, 0.888004, Clase0
-0.401703, -0.586834, -0.701679, -0.350133, Clase0
-2.677952, 1.523856, -0.616376, -0.305626, Clase0
-0.154038, -0.075907, 0.082049, 0.628574, Clase0
-1.184565, 0.784089, -0.183208, 0.582039, Clase0
-0.478700, -0.884479, 0.595727, 0.248082, Clase0
-1.525574, -0.961031, 0.032733, 0.102628, Clase0
-1.808216, 0.637820, 0.458936, 1.192388, Clase0
-0.225600, -1.151865, -0.953167, -1.022749, Clase0
-0.483662, -0.973312, 0.702164, 0.118173, Clase0
-0.619298, 0.350069, 0.236689, -1.047081, Clase0
-0.481159, 0.770037, 0.929747, 0.670781, Clase0
0.614330, 0.543665, -0.552646, 1.153545, Clase0
-2.137513, -0.181356, -2.103842, 0.524616, Clase0
0.092330, -1.162343, -0.518672, -0.389781, Clase0
-1.687634, 0.176077, 0.091697, -0.349137, Clase0
-1.438454, 0.735379, 0.599414, -1.403650, Clase0
-1.722782, 0.380996, -0.467946, 1.295873, Clase0
-1.490707, -1.234882, 0.351227, -0.234674, Clase0
-1.176983, -0.179242, -0.223268, 1.743982, Clase0
-1.898774, -1.543617, 0.517261, -0.058891, Clase0
-0.817365, 0.189502, 0.058606, -0.720012, Clase0
-0.367379, -0.507557, -0.341671, 1.348336, Clase0
-0.893200, 1.053257, 1.409714, -0.600291, Clase0
-0.217396, 0.460047, 0.525446, 0.163978, Clase0
-1.046675, 0.024866, -0.077938, -0.375211, Clase0
-0.085189, 0.022408, 0.182179, -0.280174, Clase0
-1.742874, 0.011654, 0.840166, 1.164716, Clase0
-1.048230, 0.377960, 0.655157, 0.866590, Clase0
-1.229070, 0.662597, -0.250470, -0.018055, Clase0
-2.640765, 0.177787, 1.231308, -1.028291, Clase0
-1.374698, 0.040628, 1.451356, -0.408336, Clase0
-1.016304, -0.311668, 1.127709, 1.089576, Clase0
-1.563991, 0.378610, -0.735577, -0.184930, Clase0
-1.296560, 0.027739, -0.669809, -0.144896, Clase0
-0.558480, -0.984019, 0.892872, -0.291316, Clase0
-0.592664, -1.193121, 0.250615, 0.412777, Clase0
-0.966126, -0.850473, -1.399034, 0.067232, Clase0
-0.085282, -0.401525, -0.708739, -0.392693, Clase0
-1.208019, -0.708975, 0.207713, 0.188563, Clase0
-1.184003, -1.670069, -1.324087, -0.409729, Clase0
-0.425221, 0.154568, -0.033369, -1.671508, Clase0
-1.077053, -0.890811, 0.545649, -0.225884, Clase0
-1.191239, -1.046708, -0.045163, -0.289097, Clase0
-0.486784, -0.332608, 0.580040, -0.499956, Clase0
-0.796102, -1.829581, 0.662531, -1.307943, Clase0
-0.402005, -0.931128, -0.260904, 0.495402, Clase0
-0.782996, 0.286058, -0.752239, -0.627213, Clase0
-0.742913, -0.578718, -0.504689, 0.595143, Clase0
-0.413344, -0.247381, 0.510097, -1.060548, Clase0
-1.588719, -0.186512, 0.776821, -0.374411, Clase0
-0.923639, 0.117464, -0.518327, 0.525807, Clase0
-0.235351, -0.717450, 0.111695, -1.724220, Clase0
-0.918532, -0.227469, 0.959706, 0.002969, Clase0
-0.379903, -0.475139, -0.926700, -0.535345, Clase0
-1.758809, -0.449450, 1.369561, -0.706955, Clase0
0.359257, -0.019331, 0.457999, -0.141892, Clase0
-1.829788, 1.137889, -0.315828, 0.259982, Clase0
-0.438380, -1.223895, 0.763534, 0.943094, Clase0
-0.983217, 1.381053, -0.750314, 1.854389, Clase0
-1.822708, -0.090209, 0.213177, 0.157557, Clase0
-0.992892, -0.308676, 0.100271, -0.414630, Clase0
-1.643117, -0.573192, -0.462842, -0.265668, Clase0
0.134581, 0.390216, 0.707405, 0.089290, Clase0
-0.826546, -1.778814, -1.149558, -1.196896, Clase0
-1.165568, 0.946371, -0.993418, -1.167299, Clase0
-0.771805, 0.444496, 0.543796, -0.810786, Clase0
-1.157413, 1.115760, -0.290689, 0.259599, Clase0
-0.951587, 1.389778, 0.218494, 1.164697, Clase0
-0.889899, -1.235404, 0.622093, 0.204197, Clase0
-1.332157, -1.273906, -1.007713, 0.117233, Clase0
-1.522927, 0.361869, 0.678240, 0.435946, Clase0
-0.591502, -0.600888, -1.109264, -0.574908, Clase0
0.521823, -0.442407, 0.192188, -0.026203, Clase0
-1.183870, -0.611454, 0.334604, 0.126702, Clase0
-0.665927, 0.268615, -0.516018, 0.173890, Clase0
-0.419480, -0.429899, 0.331229, 1.656983, Clase0
-0.062698, -0.582739, 0.280990, -0.273223, Clase0
-1.066258, 0.804440, -0.681218, -1.673156, Clase0
-2.326247, 0.600525, 0.120376, -0.552935, Clase0
-1.806623, -0.363712, -0.423503, 0.907646, Clase0
-0.374872, -0.907415, 0.084019, -0.222332, Clase0
-1.399526, -1.022215, 0.398999, 0.013951, Clase0
-2.446052, -0.524587, 0.985167, 0.495750, Clase0
-1.113923, -0.384433, 0.467571, -0.454207, Clase0
-1.656151, -0.397803, 0.250654, 0.168877, Clase0
-0.955687, -1.158133, -1.233963, 0.476587, Clase0
-0.263423, 0.791242, -0.944771, -1.023499, Clase0
-0.522344, -0.151921, 0.495250, -0.927656, Clase0
-0.593247, 0.621602, -0.287324, -0.988571, Clase0
-1.096461, -0.123354, -0.106203, -0.040801, Clase0
-1.205219, -0.988822, 0.882588, 0.390190, Clase0
0.568729, 0.164752, -1.083628, -1.165788, Clase0
-0.533105, -0.709606, 0.005576, 0.315409, Clase0
-0.679100, -0.450697, 0.486817, -0.400195, Clase0
-1.633162, -0.372284, -1.020510, -0.856413, Clase0
0.162521, 0.958565, -0.086747, -0.165384, Clase0
-0.585874, -0.435960, 0.222538, 1.131232, Clase0
-0.738955, -0.281873, 0.666119, 0.951503, Clase0
-1.621327, -1.495696, -0.004123, -0.501706, Clase0
-0.738781, -1.164228, 0.340643, 1.354800, Clase0
-0.640817, -0.582491, -0.503853, 1.215500, Clase0
-2.258886, -1.332030, 1.438565, 0.252041, Clase0
-0.309768, 0.410725, -0.988684, -0.156015, Clase0
0.100525, -0.588120, 0.529928, 1.354929, Clase0
-1.602564, 0.683711, 0.140751, -0.921167, Clase0
1.176814, -0.206174, -0.514486, -0.194872, Clase0
0.123373, 0.185215, 0.187566, 0.233466, Clase0
-0.451750, -0.761802, -0.069926, -0.048430, Clase0
-0.640443, -0.534948, -0.310586, 0.602276, Clase0
-1.038422, 0.548590, 0.120334, 0.887583, Clase0
-0.175083, 0.601083, 0.089945, -0.488066, Clase0
-1.684887, 0.642108, 0.691187, 1.497651, Clase0
-1.152851, 0.674391, 0.132521, -0.453151, Clase0
-1.399126, 0.236505, 0.999318, 0.672368, Clase0
-0.648376, -0.684566, 0.142464, 1.658944, Clase0
-2.213937, -0.194836, 0.620677, 0.180623, Clase0
-2.169106, -1.304974, -0.688488, -1.264991, Clase0
-1.134606, -0.818957, 0.321518, 0.701946, Clase0
-1.433413, 1.232076, -0.889811, -0.721818, Clase0
-0.887055, -0.688094, -0.672787, -0.118052, Clase0
-0.733488, 0.096151, 1.164175, -0.633934, Clase0
-0.024512, 0.250751, 0.317753, 0.714858, Clase0
-1.324432, 0.032331, -0.590503, -0.385691, Clase0
0.114571, 1.384409, 0.001960, -1.022850, Clase0
-1.715788, -1.272467, 0.779848, 0.250232, Clase0
-0.574752, -1.228362, -0.881594, -0.289463, Clase0
1.735712, 0.115899, 0.679613, -0.380532, Clase0
-2.124064, 0.054616, 0.464719, -0.893378, Clase0
-1.466167, -0.043289, -1.063864, -0.462902, Clase0
-0.858982, 0.713531, 0.562322, 0.602441, Clase0
-0.683769, 0.256992, 0.228167, 1.012897, Clase0
-1.422028, 0.563636, -0.163374, 0.193599, Clase0
-0.758445, -0.313764, -0.573461, 1.314964, Clase0
-0.296000, -0.235928, -0.416833, 1.144597, Clase0
-0.126015, 0.659876, -0.081456, 0.059371, Clase0
-0.471080, 0.672981, -0.965074, 1.959081, Clase0
-1.776025, 0.631532, 0.774796, 0.464813, Clase0
-0.707281, 0.569332, -0.665506, 0.349921, Clase0
-0.101280, -1.265955, -1.127499, 0.186650, Clase0
-1.622715, 0.460510, 1.196687, 0.908253, Clase0
-0.019234, -0.618366, 0.526093, -0.800937, Clase0
-1.871558, 0.876548, -0.661432, 0.024243, Clase0
-1.110258, 1.452848, -0.246692, 0.728412, Clase0
-0.895288, 0.132016, 0.279766, -0.227272, Clase0
-1.376200, 0.093488, -1.160168, 0.758406, Clase0
-0.341465, 0.464794, -0.681735, 0.630443, Clase0
-2.357458, -0.660335, 1.018020, -0.694316, Clase0
-1.087466, 0.077549, -0.321657, 0.789003, Clase0
-1.595554, -0.666620, 0.096250, 1.420967, Clase0
-1.981800, -0.690093, 1.350134, 0.198438, Clase0
-2.646428, 0.029079, -2.073169, 0.015174, Clase0
-0.688902, -0.678876, 0.672496, -0.090086, Clase0
-1.901976, 0.435078, 1.420381, -0.634588, Clase0
-1.182664, 1.196219, -0.533895, -0.234736, Clase0
-1.774836, 0.264960, 0.420196, 0.622230, Clase0
-0.310835, 0.160330, -0.077305, -0.784740, Clase0
-1.683298, -0.079399, -0.948124, 0.111038, Clase0
-0.764363, -0.667972, 0.081942, -0.072629, Clase0
-1.339192, 0.102921, -0.016892, 0.480297, Clase0
-0.510222, -0.379640, 0.204377, 0.448125, Clase0
-0.748115, 0.949816, -0.123400, -0.492781, Clase0
-1.919495, -0.635271, 0.142244, 0.420170, Clase0
-1.389711, 0.414298, -0.253471, 0.901537, Clase0
-0.867349, 0.862415, 0.348993, -0.032984, Clase0
-2.183471, 0.495896, -1.107415, 0.063127, Clase0
-0.827071, 0.797939, -0.102068, -1.024169, Clase0
-0.948798, -1.107628, 1.461476, 0.195615, Clase0
-1.376868, -0.898837, 0.192831, -0.536645, Clase0
-1.278391, 0.650613, 1.023862, 1.522468, Clase0
-0.291680, 0.370594, 0.242400, -0.755374, Clase0
-0.883829, 0.798361, -0.404703, -0.840944, Clase0
-1.165290, 0.189352, 0.517888, -1.392892, Clase0
-0.052417, -0.761200, 0.185209, 0.645074, Clase0
0.055698, -1.272419, 0.779400, -0.879389, Clase0
